PHOTCATID,spec_z,"source(1=GOGREEN,2=GCLASS,3=SPT,4=FORS2,5=NED)",quality,distance/arcsec,altspec_z,altdistance/arcsec,altsource,altquality,GOGREENSPECID
1,-99.0,0,0,0.0,-98.0,0.0,0,-97,0
2,-99.0,0,0,0.0,-98.0,0.0,0,-97,0
3,-99.0,0,0,0.0,-98.0,0.0,0,-97,0
4,-99.0,0,0,0.0,-98.0,0.0,0,-97,0
5,-99.0,0,0,0.0,-98.0,0.0,0,-97,0
6,-99.0,0,0,0.0,-98.0,0.0,0,-97,0
7,-99.0,0,0,0.0,-98.0,0.0,0,-97,0
8,-99.0,0,0,0.0,-98.0,0.0,0,-97,0
9,-99.0,0,0,0.0,-98.0,0.0,0,-97,0
10,-99.0,0,0,0.0,-98.0,0.0,0,-97,0
11,-99.0,0,0,0.0,-98.0,0.0,0,-97,0
12,-99.0,0,0,0.0,-98.0,0.0,0,-97,0
13,-99.0,0,0,0.0,-98.0,0.0,0,-97,0
14,-99.0,0,0,0.0,-98.0,0.0,0,-97,0
15,-99.0,0,0,0.0,-98.0,0.0,0,-97,0
16,-99.0,0,0,0.0,-98.0,0.0,0,-97,0
17,-99.0,0,0,0.0,-98.0,0.0,0,-97,0
18,-99.0,0,0,0.0,-98.0,0.0,0,-97,0
19,-99.0,0,0,0.0,-98.0,0.0,0,-97,0
20,-99.0,0,0,0.0,-98.0,0.0,0,-97,0
21,-99.0,0,0,0.0,-98.0,0.0,0,-97,0
22,-99.0,0,0,0.0,-98.0,0.0,0,-97,0
23,-99.0,0,0,0.0,-98.0,0.0,0,-97,0
24,-99.0,0,0,0.0,-98.0,0.0,0,-97,0
25,-99.0,0,0,0.0,-98.0,0.0,0,-97,0
26,-99.0,0,0,0.0,-98.0,0.0,0,-97,0
27,-99.0,0,0,0.0,-98.0,0.0,0,-97,0
28,-99.0,0,0,0.0,-98.0,0.0,0,-97,0
29,-99.0,0,0,0.0,-98.0,0.0,0,-97,0
30,-99.0,0,0,0.0,-98.0,0.0,0,-97,0
31,-99.0,0,0,0.0,-98.0,0.0,0,-97,0
32,-99.0,0,0,0.0,-98.0,0.0,0,-97,0
33,-99.0,0,0,0.0,-98.0,0.0,0,-97,0
34,-99.0,0,0,0.0,-98.0,0.0,0,-97,0
35,-99.0,0,0,0.0,-98.0,0.0,0,-97,0
36,-99.0,0,0,0.0,-98.0,0.0,0,-97,0
37,-99.0,0,0,0.0,-98.0,0.0,0,-97,0
38,-99.0,0,0,0.0,-98.0,0.0,0,-97,0
39,-99.0,0,0,0.0,-98.0,0.0,0,-97,0
40,-99.0,0,0,0.0,-98.0,0.0,0,-97,0
41,-99.0,0,0,0.0,-98.0,0.0,0,-97,0
42,-99.0,0,0,0.0,-98.0,0.0,0,-97,0
43,-99.0,0,0,0.0,-98.0,0.0,0,-97,0
44,-99.0,0,0,0.0,-98.0,0.0,0,-97,0
45,-99.0,0,0,0.0,-98.0,0.0,0,-97,0
46,-99.0,0,0,0.0,-98.0,0.0,0,-97,0
47,-99.0,0,0,0.0,-98.0,0.0,0,-97,0
48,-99.0,0,0,0.0,-98.0,0.0,0,-97,0
49,-99.0,0,0,0.0,-98.0,0.0,0,-97,0
50,-99.0,0,0,0.0,-98.0,0.0,0,-97,0
51,-99.0,0,0,0.0,-98.0,0.0,0,-97,0
52,-99.0,0,0,0.0,-98.0,0.0,0,-97,0
53,-99.0,0,0,0.0,-98.0,0.0,0,-97,0
54,-99.0,0,0,0.0,-98.0,0.0,0,-97,0
55,-99.0,0,0,0.0,-98.0,0.0,0,-97,0
56,-99.0,0,0,0.0,-98.0,0.0,0,-97,0
57,-99.0,0,0,0.0,-98.0,0.0,0,-97,0
58,-99.0,0,0,0.0,-98.0,0.0,0,-97,0
59,-99.0,0,0,0.0,-98.0,0.0,0,-97,0
60,-99.0,0,0,0.0,-98.0,0.0,0,-97,0
61,-99.0,0,0,0.0,-98.0,0.0,0,-97,0
62,-99.0,0,0,0.0,-98.0,0.0,0,-97,0
63,-99.0,0,0,0.0,-98.0,0.0,0,-97,0
64,-99.0,0,0,0.0,-98.0,0.0,0,-97,0
65,-99.0,0,0,0.0,-98.0,0.0,0,-97,0
66,-99.0,0,0,0.0,-98.0,0.0,0,-97,0
67,-99.0,0,0,0.0,-98.0,0.0,0,-97,0
68,-99.0,0,0,0.0,-98.0,0.0,0,-97,0
69,-99.0,0,0,0.0,-98.0,0.0,0,-97,0
70,-99.0,0,0,0.0,-98.0,0.0,0,-97,0
71,-99.0,0,0,0.0,-98.0,0.0,0,-97,0
72,-99.0,0,0,0.0,-98.0,0.0,0,-97,0
73,-99.0,0,0,0.0,-98.0,0.0,0,-97,0
74,-99.0,0,0,0.0,-98.0,0.0,0,-97,0
75,-99.0,0,0,0.0,-98.0,0.0,0,-97,0
76,-99.0,0,0,0.0,-98.0,0.0,0,-97,0
77,-99.0,0,0,0.0,-98.0,0.0,0,-97,0
78,-99.0,0,0,0.0,-98.0,0.0,0,-97,0
79,-99.0,0,0,0.0,-98.0,0.0,0,-97,0
80,-99.0,0,0,0.0,-98.0,0.0,0,-97,0
81,-99.0,0,0,0.0,-98.0,0.0,0,-97,0
82,-99.0,0,0,0.0,-98.0,0.0,0,-97,0
83,-99.0,0,0,0.0,-98.0,0.0,0,-97,0
84,-99.0,0,0,0.0,-98.0,0.0,0,-97,0
85,-99.0,0,0,0.0,-98.0,0.0,0,-97,0
86,-99.0,0,0,0.0,-98.0,0.0,0,-97,0
87,-99.0,0,0,0.0,-98.0,0.0,0,-97,0
88,-99.0,0,0,0.0,-98.0,0.0,0,-97,0
89,-99.0,0,0,0.0,-98.0,0.0,0,-97,0
90,-99.0,0,0,0.0,-98.0,0.0,0,-97,0
91,-99.0,0,0,0.0,-98.0,0.0,0,-97,0
92,-99.0,0,0,0.0,-98.0,0.0,0,-97,0
93,-99.0,0,0,0.0,-98.0,0.0,0,-97,0
94,-99.0,0,0,0.0,-98.0,0.0,0,-97,0
95,-99.0,0,0,0.0,-98.0,0.0,0,-97,0
96,-99.0,0,0,0.0,-98.0,0.0,0,-97,0
97,-99.0,0,0,0.0,-98.0,0.0,0,-97,0
98,-99.0,0,0,0.0,-98.0,0.0,0,-97,0
99,-99.0,0,0,0.0,-98.0,0.0,0,-97,0
100,-99.0,0,0,0.0,-98.0,0.0,0,-97,0
101,-99.0,0,0,0.0,-98.0,0.0,0,-97,0
102,-99.0,0,0,0.0,-98.0,0.0,0,-97,0
103,-99.0,0,0,0.0,-98.0,0.0,0,-97,0
104,-99.0,0,0,0.0,-98.0,0.0,0,-97,0
105,-99.0,0,0,0.0,-98.0,0.0,0,-97,0
106,-99.0,0,0,0.0,-98.0,0.0,0,-97,0
107,-99.0,0,0,0.0,-98.0,0.0,0,-97,0
108,-99.0,0,0,0.0,-98.0,0.0,0,-97,0
109,-99.0,0,0,0.0,-98.0,0.0,0,-97,0
110,-99.0,0,0,0.0,-98.0,0.0,0,-97,0
111,-99.0,0,0,0.0,-98.0,0.0,0,-97,0
112,-99.0,0,0,0.0,-98.0,0.0,0,-97,0
113,-99.0,0,0,0.0,-98.0,0.0,0,-97,0
114,-99.0,0,0,0.0,-98.0,0.0,0,-97,0
115,-99.0,0,0,0.0,-98.0,0.0,0,-97,0
116,-99.0,0,0,0.0,-98.0,0.0,0,-97,0
117,-99.0,0,0,0.0,-98.0,0.0,0,-97,0
118,-99.0,0,0,0.0,-98.0,0.0,0,-97,0
119,-99.0,0,0,0.0,-98.0,0.0,0,-97,0
120,-99.0,0,0,0.0,-98.0,0.0,0,-97,0
121,-99.0,0,0,0.0,-98.0,0.0,0,-97,0
122,-99.0,0,0,0.0,-98.0,0.0,0,-97,0
123,-99.0,0,0,0.0,-98.0,0.0,0,-97,0
124,-99.0,0,0,0.0,-98.0,0.0,0,-97,0
125,-99.0,0,0,0.0,-98.0,0.0,0,-97,0
126,-99.0,0,0,0.0,-98.0,0.0,0,-97,0
127,-99.0,0,0,0.0,-98.0,0.0,0,-97,0
128,-99.0,0,0,0.0,-98.0,0.0,0,-97,0
129,-99.0,0,0,0.0,-98.0,0.0,0,-97,0
130,-99.0,0,0,0.0,-98.0,0.0,0,-97,0
131,-99.0,0,0,0.0,-98.0,0.0,0,-97,0
132,-99.0,0,0,0.0,-98.0,0.0,0,-97,0
133,-99.0,0,0,0.0,-98.0,0.0,0,-97,0
134,-99.0,0,0,0.0,-98.0,0.0,0,-97,0
135,-99.0,0,0,0.0,-98.0,0.0,0,-97,0
136,-99.0,0,0,0.0,-98.0,0.0,0,-97,0
137,-99.0,0,0,0.0,-98.0,0.0,0,-97,0
138,-99.0,0,0,0.0,-98.0,0.0,0,-97,0
139,-99.0,0,0,0.0,-98.0,0.0,0,-97,0
140,-99.0,0,0,0.0,-98.0,0.0,0,-97,0
141,-99.0,0,0,0.0,-98.0,0.0,0,-97,0
142,-99.0,0,0,0.0,-98.0,0.0,0,-97,0
143,-99.0,0,0,0.0,-98.0,0.0,0,-97,0
144,-99.0,0,0,0.0,-98.0,0.0,0,-97,0
145,-99.0,0,0,0.0,-98.0,0.0,0,-97,0
146,-99.0,0,0,0.0,-98.0,0.0,0,-97,0
147,-99.0,0,0,0.0,-98.0,0.0,0,-97,0
148,-99.0,0,0,0.0,-98.0,0.0,0,-97,0
149,-99.0,0,0,0.0,-98.0,0.0,0,-97,0
150,-99.0,0,0,0.0,-98.0,0.0,0,-97,0
151,-99.0,0,0,0.0,-98.0,0.0,0,-97,0
152,-99.0,0,0,0.0,-98.0,0.0,0,-97,0
153,-99.0,0,0,0.0,-98.0,0.0,0,-97,0
154,-99.0,0,0,0.0,-98.0,0.0,0,-97,0
155,-99.0,0,0,0.0,-98.0,0.0,0,-97,0
156,-99.0,0,0,0.0,-98.0,0.0,0,-97,0
157,-99.0,0,0,0.0,-98.0,0.0,0,-97,0
158,-99.0,0,0,0.0,-98.0,0.0,0,-97,0
159,-99.0,0,0,0.0,-98.0,0.0,0,-97,0
160,-99.0,0,0,0.0,-98.0,0.0,0,-97,0
161,-99.0,0,0,0.0,-98.0,0.0,0,-97,0
162,-99.0,0,0,0.0,-98.0,0.0,0,-97,0
163,-99.0,0,0,0.0,-98.0,0.0,0,-97,0
164,-99.0,0,0,0.0,-98.0,0.0,0,-97,0
165,-99.0,0,0,0.0,-98.0,0.0,0,-97,0
166,-99.0,0,0,0.0,-98.0,0.0,0,-97,0
167,-99.0,0,0,0.0,-98.0,0.0,0,-97,0
168,-99.0,0,0,0.0,-98.0,0.0,0,-97,0
169,-99.0,0,0,0.0,-98.0,0.0,0,-97,0
170,-99.0,0,0,0.0,-98.0,0.0,0,-97,0
171,-99.0,0,0,0.0,-98.0,0.0,0,-97,0
172,-99.0,0,0,0.0,-98.0,0.0,0,-97,0
173,-99.0,0,0,0.0,-98.0,0.0,0,-97,0
174,-99.0,0,0,0.0,-98.0,0.0,0,-97,0
175,-99.0,0,0,0.0,-98.0,0.0,0,-97,0
176,-99.0,0,0,0.0,-98.0,0.0,0,-97,0
177,-99.0,0,0,0.0,-98.0,0.0,0,-97,0
178,-99.0,0,0,0.0,-98.0,0.0,0,-97,0
179,-99.0,0,0,0.0,-98.0,0.0,0,-97,0
180,-99.0,0,0,0.0,-98.0,0.0,0,-97,0
181,-99.0,0,0,0.0,-98.0,0.0,0,-97,0
182,-99.0,0,0,0.0,-98.0,0.0,0,-97,0
183,-99.0,0,0,0.0,-98.0,0.0,0,-97,0
184,-99.0,0,0,0.0,-98.0,0.0,0,-97,0
185,-99.0,0,0,0.0,-98.0,0.0,0,-97,0
186,-99.0,0,0,0.0,-98.0,0.0,0,-97,0
187,-99.0,0,0,0.0,-98.0,0.0,0,-97,0
188,-99.0,0,0,0.0,-98.0,0.0,0,-97,0
189,-99.0,0,0,0.0,-98.0,0.0,0,-97,0
190,-99.0,0,0,0.0,-98.0,0.0,0,-97,0
191,-99.0,0,0,0.0,-98.0,0.0,0,-97,0
192,-99.0,0,0,0.0,-98.0,0.0,0,-97,0
193,-99.0,0,0,0.0,-98.0,0.0,0,-97,0
194,-99.0,0,0,0.0,-98.0,0.0,0,-97,0
195,-99.0,0,0,0.0,-98.0,0.0,0,-97,0
196,-99.0,0,0,0.0,-98.0,0.0,0,-97,0
197,-99.0,0,0,0.0,-98.0,0.0,0,-97,0
198,-99.0,0,0,0.0,-98.0,0.0,0,-97,0
199,-99.0,0,0,0.0,-98.0,0.0,0,-97,0
200,-99.0,0,0,0.0,-98.0,0.0,0,-97,0
201,-99.0,0,0,0.0,-98.0,0.0,0,-97,0
202,-99.0,0,0,0.0,-98.0,0.0,0,-97,0
203,-99.0,0,0,0.0,-98.0,0.0,0,-97,0
204,-99.0,0,0,0.0,-98.0,0.0,0,-97,0
205,-99.0,0,0,0.0,-98.0,0.0,0,-97,0
206,-99.0,0,0,0.0,-98.0,0.0,0,-97,0
207,-99.0,0,0,0.0,-98.0,0.0,0,-97,0
208,-99.0,0,0,0.0,-98.0,0.0,0,-97,0
209,-99.0,0,0,0.0,-98.0,0.0,0,-97,0
210,-99.0,0,0,0.0,-98.0,0.0,0,-97,0
211,-99.0,0,0,0.0,-98.0,0.0,0,-97,0
212,-99.0,0,0,0.0,-98.0,0.0,0,-97,0
213,-99.0,0,0,0.0,-98.0,0.0,0,-97,0
214,-99.0,0,0,0.0,-98.0,0.0,0,-97,0
215,-99.0,0,0,0.0,-98.0,0.0,0,-97,0
216,-99.0,0,0,0.0,-98.0,0.0,0,-97,0
217,-99.0,0,0,0.0,-98.0,0.0,0,-97,0
218,-99.0,0,0,0.0,-98.0,0.0,0,-97,0
219,-99.0,0,0,0.0,-98.0,0.0,0,-97,0
220,-99.0,0,0,0.0,-98.0,0.0,0,-97,0
221,-99.0,0,0,0.0,-98.0,0.0,0,-97,0
222,-99.0,0,0,0.0,-98.0,0.0,0,-97,0
223,-99.0,0,0,0.0,-98.0,0.0,0,-97,0
224,-99.0,0,0,0.0,-98.0,0.0,0,-97,0
225,-99.0,0,0,0.0,-98.0,0.0,0,-97,0
226,-99.0,0,0,0.0,-98.0,0.0,0,-97,0
227,-99.0,0,0,0.0,-98.0,0.0,0,-97,0
228,-99.0,0,0,0.0,-98.0,0.0,0,-97,0
229,-99.0,0,0,0.0,-98.0,0.0,0,-97,0
230,-99.0,0,0,0.0,-98.0,0.0,0,-97,0
231,-99.0,0,0,0.0,-98.0,0.0,0,-97,0
232,-99.0,0,0,0.0,-98.0,0.0,0,-97,0
233,-99.0,0,0,0.0,-98.0,0.0,0,-97,0
234,-99.0,0,0,0.0,-98.0,0.0,0,-97,0
235,-99.0,0,0,0.0,-98.0,0.0,0,-97,0
236,-99.0,0,0,0.0,-98.0,0.0,0,-97,0
237,-99.0,0,0,0.0,-98.0,0.0,0,-97,0
238,-99.0,0,0,0.0,-98.0,0.0,0,-97,0
239,-99.0,0,0,0.0,-98.0,0.0,0,-97,0
240,-99.0,0,0,0.0,-98.0,0.0,0,-97,0
241,-99.0,0,0,0.0,-98.0,0.0,0,-97,0
242,-99.0,0,0,0.0,-98.0,0.0,0,-97,0
243,-99.0,0,0,0.0,-98.0,0.0,0,-97,0
244,-99.0,0,0,0.0,-98.0,0.0,0,-97,0
245,-99.0,0,0,0.0,-98.0,0.0,0,-97,0
246,-99.0,0,0,0.0,-98.0,0.0,0,-97,0
247,-99.0,0,0,0.0,-98.0,0.0,0,-97,0
248,-99.0,0,0,0.0,-98.0,0.0,0,-97,0
249,-99.0,0,0,0.0,-98.0,0.0,0,-97,0
250,-99.0,0,0,0.0,-98.0,0.0,0,-97,0
251,-99.0,0,0,0.0,-98.0,0.0,0,-97,0
252,-99.0,0,0,0.0,-98.0,0.0,0,-97,0
253,-99.0,0,0,0.0,-98.0,0.0,0,-97,0
254,-99.0,0,0,0.0,-98.0,0.0,0,-97,0
255,-99.0,0,0,0.0,-98.0,0.0,0,-97,0
256,-99.0,0,0,0.0,-98.0,0.0,0,-97,0
257,-99.0,0,0,0.0,-98.0,0.0,0,-97,0
258,-99.0,0,0,0.0,-98.0,0.0,0,-97,0
259,-99.0,0,0,0.0,-98.0,0.0,0,-97,0
260,-99.0,0,0,0.0,-98.0,0.0,0,-97,0
261,-99.0,0,0,0.0,-98.0,0.0,0,-97,0
262,-99.0,0,0,0.0,-98.0,0.0,0,-97,0
263,-99.0,0,0,0.0,-98.0,0.0,0,-97,0
264,-99.0,0,0,0.0,-98.0,0.0,0,-97,0
265,-99.0,0,0,0.0,-98.0,0.0,0,-97,0
266,-99.0,0,0,0.0,-98.0,0.0,0,-97,0
267,-99.0,0,0,0.0,-98.0,0.0,0,-97,0
268,-99.0,0,0,0.0,-98.0,0.0,0,-97,0
269,-99.0,0,0,0.0,-98.0,0.0,0,-97,0
270,-99.0,0,0,0.0,-98.0,0.0,0,-97,0
271,-99.0,0,0,0.0,-98.0,0.0,0,-97,0
272,-99.0,0,0,0.0,-98.0,0.0,0,-97,0
273,-99.0,0,0,0.0,-98.0,0.0,0,-97,0
274,-99.0,0,0,0.0,-98.0,0.0,0,-97,0
275,-99.0,0,0,0.0,-98.0,0.0,0,-97,0
276,-99.0,0,0,0.0,-98.0,0.0,0,-97,0
277,-99.0,0,0,0.0,-98.0,0.0,0,-97,0
278,-99.0,0,0,0.0,-98.0,0.0,0,-97,0
279,-99.0,0,0,0.0,-98.0,0.0,0,-97,0
280,-99.0,0,0,0.0,-98.0,0.0,0,-97,0
281,-99.0,0,0,0.0,-98.0,0.0,0,-97,0
282,-99.0,0,0,0.0,-98.0,0.0,0,-97,0
283,-99.0,0,0,0.0,-98.0,0.0,0,-97,0
284,-99.0,0,0,0.0,-98.0,0.0,0,-97,0
285,-99.0,0,0,0.0,-98.0,0.0,0,-97,0
286,-99.0,0,0,0.0,-98.0,0.0,0,-97,0
287,-99.0,0,0,0.0,-98.0,0.0,0,-97,0
288,-99.0,0,0,0.0,-98.0,0.0,0,-97,0
289,-99.0,0,0,0.0,-98.0,0.0,0,-97,0
290,-99.0,0,0,0.0,-98.0,0.0,0,-97,0
291,-99.0,0,0,0.0,-98.0,0.0,0,-97,0
292,-99.0,0,0,0.0,-98.0,0.0,0,-97,0
293,-99.0,0,0,0.0,-98.0,0.0,0,-97,0
294,-99.0,0,0,0.0,-98.0,0.0,0,-97,0
295,-99.0,0,0,0.0,-98.0,0.0,0,-97,0
296,-99.0,0,0,0.0,-98.0,0.0,0,-97,0
297,-99.0,0,0,0.0,-98.0,0.0,0,-97,0
298,-99.0,0,0,0.0,-98.0,0.0,0,-97,0
299,-99.0,0,0,0.0,-98.0,0.0,0,-97,0
300,-99.0,0,0,0.0,-98.0,0.0,0,-97,0
301,-99.0,0,0,0.0,-98.0,0.0,0,-97,0
302,-99.0,0,0,0.0,-98.0,0.0,0,-97,0
303,-99.0,0,0,0.0,-98.0,0.0,0,-97,0
304,-99.0,0,0,0.0,-98.0,0.0,0,-97,0
305,-99.0,0,0,0.0,-98.0,0.0,0,-97,0
306,-99.0,0,0,0.0,-98.0,0.0,0,-97,0
307,-99.0,0,0,0.0,-98.0,0.0,0,-97,0
308,-99.0,0,0,0.0,-98.0,0.0,0,-97,0
309,-99.0,0,0,0.0,-98.0,0.0,0,-97,0
310,-99.0,0,0,0.0,-98.0,0.0,0,-97,0
311,-99.0,0,0,0.0,-98.0,0.0,0,-97,0
312,-99.0,0,0,0.0,-98.0,0.0,0,-97,0
313,-99.0,0,0,0.0,-98.0,0.0,0,-97,0
314,-99.0,0,0,0.0,-98.0,0.0,0,-97,0
315,-99.0,0,0,0.0,-98.0,0.0,0,-97,0
316,-99.0,0,0,0.0,-98.0,0.0,0,-97,0
317,-99.0,0,0,0.0,-98.0,0.0,0,-97,0
318,-99.0,0,0,0.0,-98.0,0.0,0,-97,0
319,-99.0,0,0,0.0,-98.0,0.0,0,-97,0
320,-99.0,0,0,0.0,-98.0,0.0,0,-97,0
321,-99.0,0,0,0.0,-98.0,0.0,0,-97,0
322,-99.0,0,0,0.0,-98.0,0.0,0,-97,0
323,-99.0,0,0,0.0,-98.0,0.0,0,-97,0
324,-99.0,0,0,0.0,-98.0,0.0,0,-97,0
325,-99.0,0,0,0.0,-98.0,0.0,0,-97,0
326,-99.0,0,0,0.0,-98.0,0.0,0,-97,0
327,-99.0,0,0,0.0,-98.0,0.0,0,-97,0
328,-99.0,0,0,0.0,-98.0,0.0,0,-97,0
329,-99.0,0,0,0.0,-98.0,0.0,0,-97,0
330,-99.0,0,0,0.0,-98.0,0.0,0,-97,0
331,-99.0,0,0,0.0,-98.0,0.0,0,-97,0
332,-99.0,0,0,0.0,-98.0,0.0,0,-97,0
333,-99.0,0,0,0.0,-98.0,0.0,0,-97,0
334,-99.0,0,0,0.0,-98.0,0.0,0,-97,0
335,-99.0,0,0,0.0,-98.0,0.0,0,-97,0
336,-99.0,0,0,0.0,-98.0,0.0,0,-97,0
337,-99.0,0,0,0.0,-98.0,0.0,0,-97,0
338,-99.0,0,0,0.0,-98.0,0.0,0,-97,0
339,-99.0,0,0,0.0,-98.0,0.0,0,-97,0
340,-99.0,0,0,0.0,-98.0,0.0,0,-97,0
341,-99.0,0,0,0.0,-98.0,0.0,0,-97,0
342,-99.0,0,0,0.0,-98.0,0.0,0,-97,0
343,-99.0,0,0,0.0,-98.0,0.0,0,-97,0
344,-99.0,0,0,0.0,-98.0,0.0,0,-97,0
345,-99.0,0,0,0.0,-98.0,0.0,0,-97,0
346,-99.0,0,0,0.0,-98.0,0.0,0,-97,0
347,-99.0,0,0,0.0,-98.0,0.0,0,-97,0
348,-99.0,0,0,0.0,-98.0,0.0,0,-97,0
349,-99.0,0,0,0.0,-98.0,0.0,0,-97,0
350,-99.0,0,0,0.0,-98.0,0.0,0,-97,0
351,-99.0,0,0,0.0,-98.0,0.0,0,-97,0
352,-99.0,0,0,0.0,-98.0,0.0,0,-97,0
353,-99.0,0,0,0.0,-98.0,0.0,0,-97,0
354,-99.0,0,0,0.0,-98.0,0.0,0,-97,0
355,-99.0,0,0,0.0,-98.0,0.0,0,-97,0
356,-99.0,0,0,0.0,-98.0,0.0,0,-97,0
357,-99.0,0,0,0.0,-98.0,0.0,0,-97,0
358,-99.0,0,0,0.0,-98.0,0.0,0,-97,0
359,-99.0,0,0,0.0,-98.0,0.0,0,-97,0
360,-99.0,0,0,0.0,-98.0,0.0,0,-97,0
361,-99.0,0,0,0.0,-98.0,0.0,0,-97,0
362,-99.0,0,0,0.0,-98.0,0.0,0,-97,0
363,-99.0,0,0,0.0,-98.0,0.0,0,-97,0
364,-99.0,0,0,0.0,-98.0,0.0,0,-97,0
365,-99.0,0,0,0.0,-98.0,0.0,0,-97,0
366,-99.0,0,0,0.0,-98.0,0.0,0,-97,0
367,-99.0,0,0,0.0,-98.0,0.0,0,-97,0
368,-99.0,0,0,0.0,-98.0,0.0,0,-97,0
369,-99.0,0,0,0.0,-98.0,0.0,0,-97,0
370,-99.0,0,0,0.0,-98.0,0.0,0,-97,0
371,-99.0,0,0,0.0,-98.0,0.0,0,-97,0
372,-99.0,0,0,0.0,-98.0,0.0,0,-97,0
373,-99.0,0,0,0.0,-98.0,0.0,0,-97,0
374,-99.0,0,0,0.0,-98.0,0.0,0,-97,0
375,-99.0,0,0,0.0,-98.0,0.0,0,-97,0
376,-99.0,0,0,0.0,-98.0,0.0,0,-97,0
377,-99.0,0,0,0.0,-98.0,0.0,0,-97,0
378,-99.0,0,0,0.0,-98.0,0.0,0,-97,0
379,-99.0,0,0,0.0,-98.0,0.0,0,-97,0
380,-99.0,0,0,0.0,-98.0,0.0,0,-97,0
381,-99.0,0,0,0.0,-98.0,0.0,0,-97,0
382,-99.0,0,0,0.0,-98.0,0.0,0,-97,0
383,-99.0,0,0,0.0,-98.0,0.0,0,-97,0
384,-99.0,0,0,0.0,-98.0,0.0,0,-97,0
385,-99.0,0,0,0.0,-98.0,0.0,0,-97,0
386,-99.0,0,0,0.0,-98.0,0.0,0,-97,0
387,-99.0,0,0,0.0,-98.0,0.0,0,-97,0
388,-99.0,0,0,0.0,-98.0,0.0,0,-97,0
389,-99.0,0,0,0.0,-98.0,0.0,0,-97,0
390,-99.0,0,0,0.0,-98.0,0.0,0,-97,0
391,-99.0,0,0,0.0,-98.0,0.0,0,-97,0
392,-99.0,0,0,0.0,-98.0,0.0,0,-97,0
393,-99.0,0,0,0.0,-98.0,0.0,0,-97,0
394,-99.0,0,0,0.0,-98.0,0.0,0,-97,0
395,-99.0,0,0,0.0,-98.0,0.0,0,-97,0
396,-99.0,0,0,0.0,-98.0,0.0,0,-97,0
397,-99.0,0,0,0.0,-98.0,0.0,0,-97,0
398,-99.0,0,0,0.0,-98.0,0.0,0,-97,0
399,-99.0,0,0,0.0,-98.0,0.0,0,-97,0
400,-99.0,0,0,0.0,-98.0,0.0,0,-97,0
401,-99.0,0,0,0.0,-98.0,0.0,0,-97,0
402,-99.0,0,0,0.0,-98.0,0.0,0,-97,0
403,-99.0,0,0,0.0,-98.0,0.0,0,-97,0
404,-99.0,0,0,0.0,-98.0,0.0,0,-97,0
405,-99.0,0,0,0.0,-98.0,0.0,0,-97,0
406,-99.0,0,0,0.0,-98.0,0.0,0,-97,0
407,-99.0,0,0,0.0,-98.0,0.0,0,-97,0
408,-99.0,0,0,0.0,-98.0,0.0,0,-97,0
409,-99.0,0,0,0.0,-98.0,0.0,0,-97,0
410,-99.0,0,0,0.0,-98.0,0.0,0,-97,0
411,-99.0,0,0,0.0,-98.0,0.0,0,-97,0
412,-99.0,0,0,0.0,-98.0,0.0,0,-97,0
413,-99.0,0,0,0.0,-98.0,0.0,0,-97,0
414,-99.0,0,0,0.0,-98.0,0.0,0,-97,0
415,-99.0,0,0,0.0,-98.0,0.0,0,-97,0
416,-99.0,0,0,0.0,-98.0,0.0,0,-97,0
417,-99.0,0,0,0.0,-98.0,0.0,0,-97,0
418,-99.0,0,0,0.0,-98.0,0.0,0,-97,0
419,-99.0,0,0,0.0,-98.0,0.0,0,-97,0
420,-99.0,0,0,0.0,-98.0,0.0,0,-97,0
421,-99.0,0,0,0.0,-98.0,0.0,0,-97,0
422,-99.0,0,0,0.0,-98.0,0.0,0,-97,0
423,-99.0,0,0,0.0,-98.0,0.0,0,-97,0
424,-99.0,0,0,0.0,-98.0,0.0,0,-97,0
425,-99.0,0,0,0.0,-98.0,0.0,0,-97,0
426,-99.0,0,0,0.0,-98.0,0.0,0,-97,0
427,-99.0,0,0,0.0,-98.0,0.0,0,-97,0
428,-99.0,0,0,0.0,-98.0,0.0,0,-97,0
429,-99.0,0,0,0.0,-98.0,0.0,0,-97,0
430,-99.0,0,0,0.0,-98.0,0.0,0,-97,0
431,-99.0,0,0,0.0,-98.0,0.0,0,-97,0
432,-99.0,0,0,0.0,-98.0,0.0,0,-97,0
433,-99.0,0,0,0.0,-98.0,0.0,0,-97,0
434,-99.0,0,0,0.0,-98.0,0.0,0,-97,0
435,-99.0,0,0,0.0,-98.0,0.0,0,-97,0
436,-99.0,0,0,0.0,-98.0,0.0,0,-97,0
437,-99.0,0,0,0.0,-98.0,0.0,0,-97,0
438,-99.0,0,0,0.0,-98.0,0.0,0,-97,0
439,-99.0,0,0,0.0,-98.0,0.0,0,-97,0
440,-99.0,0,0,0.0,-98.0,0.0,0,-97,0
441,-99.0,0,0,0.0,-98.0,0.0,0,-97,0
442,-99.0,0,0,0.0,-98.0,0.0,0,-97,0
443,-99.0,0,0,0.0,-98.0,0.0,0,-97,0
444,-99.0,0,0,0.0,-98.0,0.0,0,-97,0
445,-99.0,0,0,0.0,-98.0,0.0,0,-97,0
446,-99.0,0,0,0.0,-98.0,0.0,0,-97,0
447,-99.0,0,0,0.0,-98.0,0.0,0,-97,0
448,-99.0,0,0,0.0,-98.0,0.0,0,-97,0
449,-99.0,0,0,0.0,-98.0,0.0,0,-97,0
450,-99.0,0,0,0.0,-98.0,0.0,0,-97,0
451,-99.0,0,0,0.0,-98.0,0.0,0,-97,0
452,-99.0,0,0,0.0,-98.0,0.0,0,-97,0
453,-99.0,0,0,0.0,-98.0,0.0,0,-97,0
454,-99.0,0,0,0.0,-98.0,0.0,0,-97,0
455,-99.0,0,0,0.0,-98.0,0.0,0,-97,0
456,-99.0,0,0,0.0,-98.0,0.0,0,-97,0
457,-99.0,0,0,0.0,-98.0,0.0,0,-97,0
458,-99.0,0,0,0.0,-98.0,0.0,0,-97,0
459,-99.0,0,0,0.0,-98.0,0.0,0,-97,0
460,-99.0,0,0,0.0,-98.0,0.0,0,-97,0
461,-99.0,0,0,0.0,-98.0,0.0,0,-97,0
462,-99.0,0,0,0.0,-98.0,0.0,0,-97,0
463,-99.0,0,0,0.0,-98.0,0.0,0,-97,0
464,-99.0,0,0,0.0,-98.0,0.0,0,-97,0
465,-99.0,0,0,0.0,-98.0,0.0,0,-97,0
466,-99.0,0,0,0.0,-98.0,0.0,0,-97,0
467,-99.0,0,0,0.0,-98.0,0.0,0,-97,0
468,-99.0,0,0,0.0,-98.0,0.0,0,-97,0
469,-99.0,0,0,0.0,-98.0,0.0,0,-97,0
470,-99.0,0,0,0.0,-98.0,0.0,0,-97,0
471,-99.0,0,0,0.0,-98.0,0.0,0,-97,0
472,-99.0,0,0,0.0,-98.0,0.0,0,-97,0
473,-99.0,0,0,0.0,-98.0,0.0,0,-97,0
474,-99.0,0,0,0.0,-98.0,0.0,0,-97,0
475,-99.0,0,0,0.0,-98.0,0.0,0,-97,0
476,-99.0,0,0,0.0,-98.0,0.0,0,-97,0
477,-99.0,0,0,0.0,-98.0,0.0,0,-97,0
478,-99.0,0,0,0.0,-98.0,0.0,0,-97,0
479,-99.0,0,0,0.0,-98.0,0.0,0,-97,0
480,-99.0,0,0,0.0,-98.0,0.0,0,-97,0
481,-99.0,0,0,0.0,-98.0,0.0,0,-97,0
482,-99.0,0,0,0.0,-98.0,0.0,0,-97,0
483,-99.0,0,0,0.0,-98.0,0.0,0,-97,0
484,-99.0,0,0,0.0,-98.0,0.0,0,-97,0
485,-99.0,0,0,0.0,-98.0,0.0,0,-97,0
486,-99.0,0,0,0.0,-98.0,0.0,0,-97,0
487,-99.0,0,0,0.0,-98.0,0.0,0,-97,0
488,-99.0,0,0,0.0,-98.0,0.0,0,-97,0
489,-99.0,0,0,0.0,-98.0,0.0,0,-97,0
490,-99.0,0,0,0.0,-98.0,0.0,0,-97,0
491,-99.0,0,0,0.0,-98.0,0.0,0,-97,0
492,-99.0,0,0,0.0,-98.0,0.0,0,-97,0
493,-99.0,0,0,0.0,-98.0,0.0,0,-97,0
494,-99.0,0,0,0.0,-98.0,0.0,0,-97,0
495,-99.0,0,0,0.0,-98.0,0.0,0,-97,0
496,-99.0,0,0,0.0,-98.0,0.0,0,-97,0
497,-99.0,0,0,0.0,-98.0,0.0,0,-97,0
498,-99.0,0,0,0.0,-98.0,0.0,0,-97,0
499,-99.0,0,0,0.0,-98.0,0.0,0,-97,0
500,-99.0,0,0,0.0,-98.0,0.0,0,-97,0
501,-99.0,0,0,0.0,-98.0,0.0,0,-97,0
502,-99.0,0,0,0.0,-98.0,0.0,0,-97,0
503,-99.0,0,0,0.0,-98.0,0.0,0,-97,0
504,-99.0,0,0,0.0,-98.0,0.0,0,-97,0
505,-99.0,0,0,0.0,-98.0,0.0,0,-97,0
506,-99.0,0,0,0.0,-98.0,0.0,0,-97,0
507,-99.0,0,0,0.0,-98.0,0.0,0,-97,0
508,-99.0,0,0,0.0,-98.0,0.0,0,-97,0
509,-99.0,0,0,0.0,-98.0,0.0,0,-97,0
510,-99.0,0,0,0.0,-98.0,0.0,0,-97,0
511,-99.0,0,0,0.0,-98.0,0.0,0,-97,0
512,-99.0,0,0,0.0,-98.0,0.0,0,-97,0
513,-99.0,0,0,0.0,-98.0,0.0,0,-97,0
514,-99.0,0,0,0.0,-98.0,0.0,0,-97,0
515,-99.0,0,0,0.0,-98.0,0.0,0,-97,0
516,-99.0,0,0,0.0,-98.0,0.0,0,-97,0
517,-99.0,0,0,0.0,-98.0,0.0,0,-97,0
518,-99.0,0,0,0.0,-98.0,0.0,0,-97,0
519,-99.0,0,0,0.0,-98.0,0.0,0,-97,0
520,-99.0,0,0,0.0,-98.0,0.0,0,-97,0
521,-99.0,0,0,0.0,-98.0,0.0,0,-97,0
522,-99.0,0,0,0.0,-98.0,0.0,0,-97,0
523,-99.0,0,0,0.0,-98.0,0.0,0,-97,0
524,-99.0,0,0,0.0,-98.0,0.0,0,-97,0
525,-99.0,0,0,0.0,-98.0,0.0,0,-97,0
526,-99.0,0,0,0.0,-98.0,0.0,0,-97,0
527,-99.0,0,0,0.0,-98.0,0.0,0,-97,0
528,-99.0,0,0,0.0,-98.0,0.0,0,-97,0
529,-99.0,0,0,0.0,-98.0,0.0,0,-97,0
530,-99.0,0,0,0.0,-98.0,0.0,0,-97,0
531,-99.0,0,0,0.0,-98.0,0.0,0,-97,0
532,-99.0,0,0,0.0,-98.0,0.0,0,-97,0
533,-99.0,0,0,0.0,-98.0,0.0,0,-97,0
534,-99.0,0,0,0.0,-98.0,0.0,0,-97,0
535,-99.0,0,0,0.0,-98.0,0.0,0,-97,0
536,-99.0,0,0,0.0,-98.0,0.0,0,-97,0
537,-99.0,0,0,0.0,-98.0,0.0,0,-97,0
538,-99.0,0,0,0.0,-98.0,0.0,0,-97,0
539,-99.0,0,0,0.0,-98.0,0.0,0,-97,0
540,-99.0,0,0,0.0,-98.0,0.0,0,-97,0
541,-99.0,0,0,0.0,-98.0,0.0,0,-97,0
542,-99.0,0,0,0.0,-98.0,0.0,0,-97,0
543,-99.0,0,0,0.0,-98.0,0.0,0,-97,0
544,-99.0,0,0,0.0,-98.0,0.0,0,-97,0
545,-99.0,0,0,0.0,-98.0,0.0,0,-97,0
546,-99.0,0,0,0.0,-98.0,0.0,0,-97,0
547,-99.0,0,0,0.0,-98.0,0.0,0,-97,0
548,-99.0,0,0,0.0,-98.0,0.0,0,-97,0
549,-99.0,0,0,0.0,-98.0,0.0,0,-97,0
550,-99.0,0,0,0.0,-98.0,0.0,0,-97,0
551,-99.0,0,0,0.0,-98.0,0.0,0,-97,0
552,-99.0,0,0,0.0,-98.0,0.0,0,-97,0
553,-99.0,0,0,0.0,-98.0,0.0,0,-97,0
554,-99.0,0,0,0.0,-98.0,0.0,0,-97,0
555,-99.0,0,0,0.0,-98.0,0.0,0,-97,0
556,-99.0,0,0,0.0,-98.0,0.0,0,-97,0
557,-99.0,0,0,0.0,-98.0,0.0,0,-97,0
558,-99.0,0,0,0.0,-98.0,0.0,0,-97,0
559,-99.0,0,0,0.0,-98.0,0.0,0,-97,0
560,-99.0,0,0,0.0,-98.0,0.0,0,-97,0
561,-99.0,0,0,0.0,-98.0,0.0,0,-97,0
562,-99.0,0,0,0.0,-98.0,0.0,0,-97,0
563,-99.0,0,0,0.0,-98.0,0.0,0,-97,0
564,-99.0,0,0,0.0,-98.0,0.0,0,-97,0
565,-99.0,0,0,0.0,-98.0,0.0,0,-97,0
566,-99.0,0,0,0.0,-98.0,0.0,0,-97,0
567,-99.0,0,0,0.0,-98.0,0.0,0,-97,0
568,-99.0,0,0,0.0,-98.0,0.0,0,-97,0
569,-99.0,0,0,0.0,-98.0,0.0,0,-97,0
570,-99.0,0,0,0.0,-98.0,0.0,0,-97,0
571,-99.0,0,0,0.0,-98.0,0.0,0,-97,0
572,-99.0,0,0,0.0,-98.0,0.0,0,-97,0
573,-99.0,0,0,0.0,-98.0,0.0,0,-97,0
574,-99.0,0,0,0.0,-98.0,0.0,0,-97,0
575,-99.0,0,0,0.0,-98.0,0.0,0,-97,0
576,-99.0,0,0,0.0,-98.0,0.0,0,-97,0
577,-99.0,0,0,0.0,-98.0,0.0,0,-97,0
578,-99.0,0,0,0.0,-98.0,0.0,0,-97,0
579,-99.0,0,0,0.0,-98.0,0.0,0,-97,0
580,-99.0,0,0,0.0,-98.0,0.0,0,-97,0
581,-99.0,0,0,0.0,-98.0,0.0,0,-97,0
582,-99.0,0,0,0.0,-98.0,0.0,0,-97,0
583,-99.0,0,0,0.0,-98.0,0.0,0,-97,0
584,-99.0,0,0,0.0,-98.0,0.0,0,-97,0
585,-99.0,0,0,0.0,-98.0,0.0,0,-97,0
586,-99.0,0,0,0.0,-98.0,0.0,0,-97,0
587,-99.0,0,0,0.0,-98.0,0.0,0,-97,0
588,-99.0,0,0,0.0,-98.0,0.0,0,-97,0
589,-99.0,0,0,0.0,-98.0,0.0,0,-97,0
590,-99.0,0,0,0.0,-98.0,0.0,0,-97,0
591,-99.0,0,0,0.0,-98.0,0.0,0,-97,0
592,-99.0,0,0,0.0,-98.0,0.0,0,-97,0
593,-99.0,0,0,0.0,-98.0,0.0,0,-97,0
594,-99.0,0,0,0.0,-98.0,0.0,0,-97,0
595,-99.0,0,0,0.0,-98.0,0.0,0,-97,0
596,-99.0,0,0,0.0,-98.0,0.0,0,-97,0
597,-99.0,0,0,0.0,-98.0,0.0,0,-97,0
598,-99.0,0,0,0.0,-98.0,0.0,0,-97,0
599,-99.0,0,0,0.0,-98.0,0.0,0,-97,0
600,-99.0,0,0,0.0,-98.0,0.0,0,-97,0
601,-99.0,0,0,0.0,-98.0,0.0,0,-97,0
602,-99.0,0,0,0.0,-98.0,0.0,0,-97,0
603,-99.0,0,0,0.0,-98.0,0.0,0,-97,0
604,-99.0,0,0,0.0,-98.0,0.0,0,-97,0
605,-99.0,0,0,0.0,-98.0,0.0,0,-97,0
606,-99.0,0,0,0.0,-98.0,0.0,0,-97,0
607,-99.0,0,0,0.0,-98.0,0.0,0,-97,0
608,-99.0,0,0,0.0,-98.0,0.0,0,-97,0
609,-99.0,0,0,0.0,-98.0,0.0,0,-97,0
610,-99.0,0,0,0.0,-98.0,0.0,0,-97,0
611,-99.0,0,0,0.0,-98.0,0.0,0,-97,0
612,-99.0,0,0,0.0,-98.0,0.0,0,-97,0
613,-99.0,0,0,0.0,-98.0,0.0,0,-97,0
614,-99.0,0,0,0.0,-98.0,0.0,0,-97,0
615,-99.0,0,0,0.0,-98.0,0.0,0,-97,0
616,-99.0,0,0,0.0,-98.0,0.0,0,-97,0
617,-99.0,0,0,0.0,-98.0,0.0,0,-97,0
618,-99.0,0,0,0.0,-98.0,0.0,0,-97,0
619,-99.0,0,0,0.0,-98.0,0.0,0,-97,0
620,-99.0,0,0,0.0,-98.0,0.0,0,-97,0
621,-99.0,0,0,0.0,-98.0,0.0,0,-97,0
622,-99.0,0,0,0.0,-98.0,0.0,0,-97,0
623,-99.0,0,0,0.0,-98.0,0.0,0,-97,0
624,-99.0,0,0,0.0,-98.0,0.0,0,-97,0
625,-99.0,0,0,0.0,-98.0,0.0,0,-97,0
626,-99.0,0,0,0.0,-98.0,0.0,0,-97,0
627,-99.0,0,0,0.0,-98.0,0.0,0,-97,0
628,-99.0,0,0,0.0,-98.0,0.0,0,-97,0
629,-99.0,0,0,0.0,-98.0,0.0,0,-97,0
630,-99.0,0,0,0.0,-98.0,0.0,0,-97,0
631,-99.0,0,0,0.0,-98.0,0.0,0,-97,0
632,-99.0,0,0,0.0,-98.0,0.0,0,-97,0
633,-99.0,0,0,0.0,-98.0,0.0,0,-97,0
634,-99.0,0,0,0.0,-98.0,0.0,0,-97,0
635,-99.0,0,0,0.0,-98.0,0.0,0,-97,0
636,-99.0,0,0,0.0,-98.0,0.0,0,-97,0
637,-99.0,0,0,0.0,-98.0,0.0,0,-97,0
638,-99.0,0,0,0.0,-98.0,0.0,0,-97,0
639,-99.0,0,0,0.0,-98.0,0.0,0,-97,0
640,1.137,3,9,0.215,1.137,0.269,5,-97,0
641,-99.0,0,0,0.0,-98.0,0.0,0,-97,0
642,-99.0,0,0,0.0,-98.0,0.0,0,-97,0
643,-99.0,0,0,0.0,-98.0,0.0,0,-97,0
644,-99.0,0,0,0.0,-98.0,0.0,0,-97,0
645,-99.0,0,0,0.0,-98.0,0.0,0,-97,0
646,-99.0,0,0,0.0,-98.0,0.0,0,-97,0
647,-99.0,0,0,0.0,-98.0,0.0,0,-97,0
648,-99.0,0,0,0.0,-98.0,0.0,0,-97,0
649,-99.0,0,0,0.0,-98.0,0.0,0,-97,0
650,-99.0,0,0,0.0,-98.0,0.0,0,-97,0
651,-99.0,0,0,0.0,-98.0,0.0,0,-97,0
652,-99.0,0,0,0.0,-98.0,0.0,0,-97,0
653,-99.0,0,0,0.0,-98.0,0.0,0,-97,0
654,-99.0,0,0,0.0,-98.0,0.0,0,-97,0
655,-99.0,0,0,0.0,-98.0,0.0,0,-97,0
656,-99.0,0,0,0.0,-98.0,0.0,0,-97,0
657,-99.0,0,0,0.0,-98.0,0.0,0,-97,0
658,-99.0,0,0,0.0,-98.0,0.0,0,-97,0
659,-99.0,0,0,0.0,-98.0,0.0,0,-97,0
660,-99.0,0,0,0.0,-98.0,0.0,0,-97,0
661,-99.0,0,0,0.0,-98.0,0.0,0,-97,0
662,-99.0,0,0,0.0,-98.0,0.0,0,-97,0
663,-99.0,0,0,0.0,-98.0,0.0,0,-97,0
664,-99.0,0,0,0.0,-98.0,0.0,0,-97,0
665,-99.0,0,0,0.0,-98.0,0.0,0,-97,0
666,-99.0,0,0,0.0,-98.0,0.0,0,-97,0
667,-99.0,0,0,0.0,-98.0,0.0,0,-97,0
668,-99.0,0,0,0.0,-98.0,0.0,0,-97,0
669,-99.0,0,0,0.0,-98.0,0.0,0,-97,0
670,-99.0,0,0,0.0,-98.0,0.0,0,-97,0
671,-99.0,0,0,0.0,-98.0,0.0,0,-97,0
672,-99.0,0,0,0.0,-98.0,0.0,0,-97,0
673,1.133,3,9,0.161,1.133,0.255,5,-97,0
674,-99.0,0,0,0.0,-98.0,0.0,0,-97,0
675,-99.0,0,0,0.0,-98.0,0.0,0,-97,0
676,-99.0,0,0,0.0,-98.0,0.0,0,-97,0
677,-99.0,0,0,0.0,-98.0,0.0,0,-97,0
678,-99.0,0,0,0.0,-98.0,0.0,0,-97,0
679,-99.0,0,0,0.0,-98.0,0.0,0,-97,0
680,-99.0,0,0,0.0,-98.0,0.0,0,-97,0
681,-99.0,0,0,0.0,-98.0,0.0,0,-97,0
682,-99.0,0,0,0.0,-98.0,0.0,0,-97,0
683,-99.0,0,0,0.0,-98.0,0.0,0,-97,0
684,-99.0,0,0,0.0,-98.0,0.0,0,-97,0
685,-99.0,0,0,0.0,-98.0,0.0,0,-97,0
686,-99.0,0,0,0.0,-98.0,0.0,0,-97,0
687,-99.0,0,0,0.0,-98.0,0.0,0,-97,0
688,1.12,3,9,0.113,-98.0,0.0,0,-97,0
689,1.135,3,9,0.226,1.135,0.437,5,-97,0
690,-99.0,0,0,0.0,-98.0,0.0,0,-97,0
691,-99.0,0,0,0.0,-98.0,0.0,0,-97,0
692,-99.0,0,0,0.0,-98.0,0.0,0,-97,0
693,-99.0,0,0,0.0,-98.0,0.0,0,-97,0
694,-99.0,0,0,0.0,-98.0,0.0,0,-97,0
695,-99.0,0,0,0.0,-98.0,0.0,0,-97,0
696,-99.0,0,0,0.0,-98.0,0.0,0,-97,0
697,-99.0,0,0,0.0,-98.0,0.0,0,-97,0
698,-99.0,0,0,0.0,-98.0,0.0,0,-97,0
699,-99.0,0,0,0.0,-98.0,0.0,0,-97,0
700,-99.0,0,0,0.0,-98.0,0.0,0,-97,0
701,-99.0,0,0,0.0,-98.0,0.0,0,-97,0
702,-99.0,0,0,0.0,-98.0,0.0,0,-97,0
703,-99.0,0,0,0.0,-98.0,0.0,0,-97,0
704,-99.0,0,0,0.0,-98.0,0.0,0,-97,0
705,-99.0,0,0,0.0,-98.0,0.0,0,-97,0
706,-99.0,0,0,0.0,-98.0,0.0,0,-97,0
707,-99.0,0,0,0.0,-98.0,0.0,0,-97,0
708,-99.0,0,0,0.0,-98.0,0.0,0,-97,0
709,-99.0,0,0,0.0,-98.0,0.0,0,-97,0
710,-99.0,0,0,0.0,-98.0,0.0,0,-97,0
711,-99.0,0,0,0.0,-98.0,0.0,0,-97,0
712,-99.0,0,0,0.0,-98.0,0.0,0,-97,0
713,-99.0,0,0,0.0,-98.0,0.0,0,-97,0
714,-99.0,0,0,0.0,-98.0,0.0,0,-97,0
715,-99.0,0,0,0.0,-98.0,0.0,0,-97,0
716,-99.0,0,0,0.0,-98.0,0.0,0,-97,0
717,-99.0,0,0,0.0,-98.0,0.0,0,-97,0
718,-99.0,0,0,0.0,-98.0,0.0,0,-97,0
719,-99.0,0,0,0.0,-98.0,0.0,0,-97,0
720,-99.0,0,0,0.0,-98.0,0.0,0,-97,0
721,-99.0,0,0,0.0,-98.0,0.0,0,-97,0
722,-99.0,0,0,0.0,-98.0,0.0,0,-97,0
723,-99.0,0,0,0.0,-98.0,0.0,0,-97,0
724,-99.0,0,0,0.0,-98.0,0.0,0,-97,0
725,-99.0,0,0,0.0,-98.0,0.0,0,-97,0
726,-99.0,0,0,0.0,-98.0,0.0,0,-97,0
727,-99.0,0,0,0.0,-98.0,0.0,0,-97,0
728,-99.0,0,0,0.0,-98.0,0.0,0,-97,0
729,-99.0,0,0,0.0,-98.0,0.0,0,-97,0
730,-99.0,0,0,0.0,-98.0,0.0,0,-97,0
731,-99.0,0,0,0.0,-98.0,0.0,0,-97,0
732,-99.0,0,0,0.0,-98.0,0.0,0,-97,0
733,1.131,3,9,0.034,1.131,0.326,5,-97,0
734,-99.0,0,0,0.0,-98.0,0.0,0,-97,0
735,-99.0,0,0,0.0,-98.0,0.0,0,-97,0
736,-99.0,0,0,0.0,-98.0,0.0,0,-97,0
737,-99.0,0,0,0.0,-98.0,0.0,0,-97,0
738,-99.0,0,0,0.0,-98.0,0.0,0,-97,0
739,-99.0,0,0,0.0,-98.0,0.0,0,-97,0
740,-99.0,0,0,0.0,-98.0,0.0,0,-97,0
741,-99.0,0,0,0.0,-98.0,0.0,0,-97,0
742,-99.0,0,0,0.0,-98.0,0.0,0,-97,0
743,-99.0,0,0,0.0,-98.0,0.0,0,-97,0
744,-99.0,0,0,0.0,-98.0,0.0,0,-97,0
745,-99.0,0,0,0.0,-98.0,0.0,0,-97,0
746,-99.0,0,0,0.0,-98.0,0.0,0,-97,0
747,-99.0,0,0,0.0,-98.0,0.0,0,-97,0
748,-99.0,0,0,0.0,-98.0,0.0,0,-97,0
749,-99.0,0,0,0.0,-98.0,0.0,0,-97,0
750,-99.0,0,0,0.0,-98.0,0.0,0,-97,0
751,-99.0,0,0,0.0,-98.0,0.0,0,-97,0
752,-99.0,0,0,0.0,-98.0,0.0,0,-97,0
753,-99.0,0,0,0.0,-98.0,0.0,0,-97,0
754,-99.0,0,0,0.0,-98.0,0.0,0,-97,0
755,-99.0,0,0,0.0,-98.0,0.0,0,-97,0
756,-99.0,0,0,0.0,-98.0,0.0,0,-97,0
757,-99.0,0,0,0.0,-98.0,0.0,0,-97,0
758,-99.0,0,0,0.0,-98.0,0.0,0,-97,0
759,-99.0,0,0,0.0,-98.0,0.0,0,-97,0
760,-99.0,0,0,0.0,-98.0,0.0,0,-97,0
761,-99.0,0,0,0.0,-98.0,0.0,0,-97,0
762,-99.0,0,0,0.0,-98.0,0.0,0,-97,0
763,-99.0,0,0,0.0,-98.0,0.0,0,-97,0
764,-99.0,0,0,0.0,-98.0,0.0,0,-97,0
765,-99.0,0,0,0.0,-98.0,0.0,0,-97,0
766,-99.0,0,0,0.0,-98.0,0.0,0,-97,0
767,-99.0,0,0,0.0,-98.0,0.0,0,-97,0
768,-99.0,0,0,0.0,-98.0,0.0,0,-97,0
769,-99.0,0,0,0.0,-98.0,0.0,0,-97,0
770,-99.0,0,0,0.0,-98.0,0.0,0,-97,0
771,-99.0,0,0,0.0,-98.0,0.0,0,-97,0
772,-99.0,0,0,0.0,-98.0,0.0,0,-97,0
773,-99.0,0,0,0.0,-98.0,0.0,0,-97,0
774,-99.0,0,0,0.0,-98.0,0.0,0,-97,0
775,-99.0,0,0,0.0,-98.0,0.0,0,-97,0
776,-99.0,0,0,0.0,-98.0,0.0,0,-97,0
777,-99.0,0,0,0.0,-98.0,0.0,0,-97,0
778,-99.0,0,0,0.0,-98.0,0.0,0,-97,0
779,-99.0,0,0,0.0,-98.0,0.0,0,-97,0
780,-99.0,0,0,0.0,-98.0,0.0,0,-97,0
781,-99.0,0,0,0.0,-98.0,0.0,0,-97,0
782,-99.0,0,0,0.0,-98.0,0.0,0,-97,0
783,-99.0,0,0,0.0,-98.0,0.0,0,-97,0
784,-99.0,0,0,0.0,-98.0,0.0,0,-97,0
785,-99.0,0,0,0.0,-98.0,0.0,0,-97,0
786,-99.0,0,0,0.0,-98.0,0.0,0,-97,0
787,-99.0,0,0,0.0,-98.0,0.0,0,-97,0
788,-99.0,0,0,0.0,-98.0,0.0,0,-97,0
789,-99.0,0,0,0.0,-98.0,0.0,0,-97,0
790,-99.0,0,0,0.0,-98.0,0.0,0,-97,0
791,-99.0,0,0,0.0,-98.0,0.0,0,-97,0
792,-99.0,0,0,0.0,-98.0,0.0,0,-97,0
793,-99.0,0,0,0.0,-98.0,0.0,0,-97,0
794,-99.0,0,0,0.0,-98.0,0.0,0,-97,0
795,-99.0,0,0,0.0,-98.0,0.0,0,-97,0
796,-99.0,0,0,0.0,-98.0,0.0,0,-97,0
797,-99.0,0,0,0.0,-98.0,0.0,0,-97,0
798,-99.0,0,0,0.0,-98.0,0.0,0,-97,0
799,-99.0,0,0,0.0,-98.0,0.0,0,-97,0
800,-99.0,0,0,0.0,-98.0,0.0,0,-97,0
801,-99.0,0,0,0.0,-98.0,0.0,0,-97,0
802,-99.0,0,0,0.0,-98.0,0.0,0,-97,0
803,-99.0,0,0,0.0,-98.0,0.0,0,-97,0
804,-99.0,0,0,0.0,-98.0,0.0,0,-97,0
805,-99.0,0,0,0.0,-98.0,0.0,0,-97,0
806,-99.0,0,0,0.0,-98.0,0.0,0,-97,0
807,-99.0,0,0,0.0,-98.0,0.0,0,-97,0
808,-99.0,0,0,0.0,-98.0,0.0,0,-97,0
809,-99.0,0,0,0.0,-98.0,0.0,0,-97,0
810,-99.0,0,0,0.0,-98.0,0.0,0,-97,0
811,-99.0,0,0,0.0,-98.0,0.0,0,-97,0
812,-99.0,0,0,0.0,-98.0,0.0,0,-97,0
813,-99.0,0,0,0.0,-98.0,0.0,0,-97,0
814,-99.0,0,0,0.0,-98.0,0.0,0,-97,0
815,-99.0,0,0,0.0,-98.0,0.0,0,-97,0
816,-99.0,0,0,0.0,-98.0,0.0,0,-97,0
817,-99.0,0,0,0.0,-98.0,0.0,0,-97,0
818,-99.0,0,0,0.0,-98.0,0.0,0,-97,0
819,-99.0,0,0,0.0,-98.0,0.0,0,-97,0
820,-99.0,0,0,0.0,-98.0,0.0,0,-97,0
821,-99.0,0,0,0.0,-98.0,0.0,0,-97,0
822,-99.0,0,0,0.0,-98.0,0.0,0,-97,0
823,-99.0,0,0,0.0,-98.0,0.0,0,-97,0
824,-99.0,0,0,0.0,-98.0,0.0,0,-97,0
825,-99.0,0,0,0.0,-98.0,0.0,0,-97,0
826,-99.0,0,0,0.0,-98.0,0.0,0,-97,0
827,-99.0,0,0,0.0,-98.0,0.0,0,-97,0
828,-99.0,0,0,0.0,-98.0,0.0,0,-97,0
829,-99.0,0,0,0.0,-98.0,0.0,0,-97,0
830,-99.0,0,0,0.0,-98.0,0.0,0,-97,0
831,-99.0,0,0,0.0,-98.0,0.0,0,-97,0
832,-99.0,0,0,0.0,-98.0,0.0,0,-97,0
833,-99.0,0,0,0.0,-98.0,0.0,0,-97,0
834,-99.0,0,0,0.0,-98.0,0.0,0,-97,0
835,-99.0,0,0,0.0,-98.0,0.0,0,-97,0
836,-99.0,0,0,0.0,-98.0,0.0,0,-97,0
837,-99.0,0,0,0.0,-98.0,0.0,0,-97,0
838,-99.0,0,0,0.0,-98.0,0.0,0,-97,0
839,-99.0,0,0,0.0,-98.0,0.0,0,-97,0
840,-99.0,0,0,0.0,-98.0,0.0,0,-97,0
841,-99.0,0,0,0.0,-98.0,0.0,0,-97,0
842,-99.0,0,0,0.0,-98.0,0.0,0,-97,0
843,-99.0,0,0,0.0,-98.0,0.0,0,-97,0
844,-99.0,0,0,0.0,-98.0,0.0,0,-97,0
845,-99.0,0,0,0.0,-98.0,0.0,0,-97,0
846,-99.0,0,0,0.0,-98.0,0.0,0,-97,0
847,-99.0,0,0,0.0,-98.0,0.0,0,-97,0
848,-99.0,0,0,0.0,-98.0,0.0,0,-97,0
849,-99.0,0,0,0.0,-98.0,0.0,0,-97,0
850,-99.0,0,0,0.0,-98.0,0.0,0,-97,0
851,-99.0,0,0,0.0,-98.0,0.0,0,-97,0
852,-99.0,0,0,0.0,-98.0,0.0,0,-97,0
853,-99.0,0,0,0.0,-98.0,0.0,0,-97,0
854,-99.0,0,0,0.0,-98.0,0.0,0,-97,0
855,-99.0,0,0,0.0,-98.0,0.0,0,-97,0
856,-99.0,0,0,0.0,-98.0,0.0,0,-97,0
857,-99.0,0,0,0.0,-98.0,0.0,0,-97,0
858,-99.0,0,0,0.0,-98.0,0.0,0,-97,0
859,-99.0,0,0,0.0,-98.0,0.0,0,-97,0
860,-99.0,0,0,0.0,-98.0,0.0,0,-97,0
861,-99.0,0,0,0.0,-98.0,0.0,0,-97,0
862,-99.0,0,0,0.0,-98.0,0.0,0,-97,0
863,-99.0,0,0,0.0,-98.0,0.0,0,-97,0
864,-99.0,0,0,0.0,-98.0,0.0,0,-97,0
865,-99.0,0,0,0.0,-98.0,0.0,0,-97,0
866,-99.0,0,0,0.0,-98.0,0.0,0,-97,0
867,-99.0,0,0,0.0,-98.0,0.0,0,-97,0
868,-99.0,0,0,0.0,-98.0,0.0,0,-97,0
869,-99.0,0,0,0.0,-98.0,0.0,0,-97,0
870,-99.0,0,0,0.0,-98.0,0.0,0,-97,0
871,-99.0,0,0,0.0,-98.0,0.0,0,-97,0
872,-99.0,0,0,0.0,-98.0,0.0,0,-97,0
873,-99.0,0,0,0.0,-98.0,0.0,0,-97,0
874,-99.0,0,0,0.0,-98.0,0.0,0,-97,0
875,-99.0,0,0,0.0,-98.0,0.0,0,-97,0
876,-99.0,0,0,0.0,-98.0,0.0,0,-97,0
877,-99.0,0,0,0.0,-98.0,0.0,0,-97,0
878,-99.0,0,0,0.0,-98.0,0.0,0,-97,0
879,-99.0,0,0,0.0,-98.0,0.0,0,-97,0
880,-99.0,0,0,0.0,-98.0,0.0,0,-97,0
881,-99.0,0,0,0.0,-98.0,0.0,0,-97,0
882,-99.0,0,0,0.0,-98.0,0.0,0,-97,0
883,-99.0,0,0,0.0,-98.0,0.0,0,-97,0
884,-99.0,0,0,0.0,-98.0,0.0,0,-97,0
885,-99.0,0,0,0.0,-98.0,0.0,0,-97,0
886,-99.0,0,0,0.0,-98.0,0.0,0,-97,0
887,-99.0,0,0,0.0,-98.0,0.0,0,-97,0
888,-99.0,0,0,0.0,-98.0,0.0,0,-97,0
889,-99.0,0,0,0.0,-98.0,0.0,0,-97,0
890,-99.0,0,0,0.0,-98.0,0.0,0,-97,0
891,-99.0,0,0,0.0,-98.0,0.0,0,-97,0
892,-99.0,0,0,0.0,-98.0,0.0,0,-97,0
893,-99.0,0,0,0.0,-98.0,0.0,0,-97,0
894,-99.0,0,0,0.0,-98.0,0.0,0,-97,0
895,-99.0,0,0,0.0,-98.0,0.0,0,-97,0
896,-99.0,0,0,0.0,-98.0,0.0,0,-97,0
897,-99.0,0,0,0.0,-98.0,0.0,0,-97,0
898,-99.0,0,0,0.0,-98.0,0.0,0,-97,0
899,-99.0,0,0,0.0,-98.0,0.0,0,-97,0
900,-99.0,0,0,0.0,-98.0,0.0,0,-97,0
901,-99.0,0,0,0.0,-98.0,0.0,0,-97,0
902,-99.0,0,0,0.0,-98.0,0.0,0,-97,0
903,-99.0,0,0,0.0,-98.0,0.0,0,-97,0
904,-99.0,0,0,0.0,-98.0,0.0,0,-97,0
905,-99.0,0,0,0.0,-98.0,0.0,0,-97,0
906,-99.0,0,0,0.0,-98.0,0.0,0,-97,0
907,-99.0,0,0,0.0,-98.0,0.0,0,-97,0
908,-99.0,0,0,0.0,-98.0,0.0,0,-97,0
909,-99.0,0,0,0.0,-98.0,0.0,0,-97,0
910,-99.0,0,0,0.0,-98.0,0.0,0,-97,0
911,-99.0,0,0,0.0,-98.0,0.0,0,-97,0
912,-99.0,0,0,0.0,-98.0,0.0,0,-97,0
913,-99.0,0,0,0.0,-98.0,0.0,0,-97,0
914,-99.0,0,0,0.0,-98.0,0.0,0,-97,0
915,-99.0,0,0,0.0,-98.0,0.0,0,-97,0
916,-99.0,0,0,0.0,-98.0,0.0,0,-97,0
917,-99.0,0,0,0.0,-98.0,0.0,0,-97,0
918,-99.0,0,0,0.0,-98.0,0.0,0,-97,0
919,-99.0,0,0,0.0,-98.0,0.0,0,-97,0
920,-99.0,0,0,0.0,-98.0,0.0,0,-97,0
921,-99.0,0,0,0.0,-98.0,0.0,0,-97,0
922,-99.0,0,0,0.0,-98.0,0.0,0,-97,0
923,-99.0,0,0,0.0,-98.0,0.0,0,-97,0
924,-99.0,0,0,0.0,-98.0,0.0,0,-97,0
925,-99.0,0,0,0.0,-98.0,0.0,0,-97,0
926,-99.0,0,0,0.0,-98.0,0.0,0,-97,0
927,-99.0,0,0,0.0,-98.0,0.0,0,-97,0
928,-99.0,0,0,0.0,-98.0,0.0,0,-97,0
929,-99.0,0,0,0.0,-98.0,0.0,0,-97,0
930,-99.0,0,0,0.0,-98.0,0.0,0,-97,0
931,-99.0,0,0,0.0,-98.0,0.0,0,-97,0
932,-99.0,0,0,0.0,-98.0,0.0,0,-97,0
933,-99.0,0,0,0.0,-98.0,0.0,0,-97,0
934,-99.0,0,0,0.0,-98.0,0.0,0,-97,0
935,-99.0,0,0,0.0,-98.0,0.0,0,-97,0
936,-99.0,0,0,0.0,-98.0,0.0,0,-97,0
937,-99.0,0,0,0.0,-98.0,0.0,0,-97,0
938,-99.0,0,0,0.0,-98.0,0.0,0,-97,0
939,-99.0,0,0,0.0,-98.0,0.0,0,-97,0
940,-99.0,0,0,0.0,-98.0,0.0,0,-97,0
941,-99.0,0,0,0.0,-98.0,0.0,0,-97,0
942,-99.0,0,0,0.0,-98.0,0.0,0,-97,0
943,-99.0,0,0,0.0,-98.0,0.0,0,-97,0
944,-99.0,0,0,0.0,-98.0,0.0,0,-97,0
945,-99.0,0,0,0.0,-98.0,0.0,0,-97,0
946,-99.0,0,0,0.0,-98.0,0.0,0,-97,0
947,-99.0,0,0,0.0,-98.0,0.0,0,-97,0
948,-99.0,0,0,0.0,-98.0,0.0,0,-97,0
949,-99.0,0,0,0.0,-98.0,0.0,0,-97,0
950,-99.0,0,0,0.0,-98.0,0.0,0,-97,0
951,-99.0,0,0,0.0,-98.0,0.0,0,-97,0
952,-99.0,0,0,0.0,-98.0,0.0,0,-97,0
953,-99.0,0,0,0.0,-98.0,0.0,0,-97,0
954,-99.0,0,0,0.0,-98.0,0.0,0,-97,0
955,-99.0,0,0,0.0,-98.0,0.0,0,-97,0
956,-99.0,0,0,0.0,-98.0,0.0,0,-97,0
957,-99.0,0,0,0.0,-98.0,0.0,0,-97,0
958,-99.0,0,0,0.0,-98.0,0.0,0,-97,0
959,-99.0,0,0,0.0,-98.0,0.0,0,-97,0
960,-99.0,0,0,0.0,-98.0,0.0,0,-97,0
961,-99.0,0,0,0.0,-98.0,0.0,0,-97,0
962,-99.0,0,0,0.0,-98.0,0.0,0,-97,0
963,-99.0,0,0,0.0,-98.0,0.0,0,-97,0
964,-99.0,0,0,0.0,-98.0,0.0,0,-97,0
965,-99.0,0,0,0.0,-98.0,0.0,0,-97,0
966,-99.0,0,0,0.0,-98.0,0.0,0,-97,0
967,-99.0,0,0,0.0,-98.0,0.0,0,-97,0
968,-99.0,0,0,0.0,-98.0,0.0,0,-97,0
969,-99.0,0,0,0.0,-98.0,0.0,0,-97,0
970,-99.0,0,0,0.0,-98.0,0.0,0,-97,0
971,-99.0,0,0,0.0,-98.0,0.0,0,-97,0
972,-99.0,0,0,0.0,-98.0,0.0,0,-97,0
973,-99.0,0,0,0.0,-98.0,0.0,0,-97,0
974,-99.0,0,0,0.0,-98.0,0.0,0,-97,0
975,-99.0,0,0,0.0,-98.0,0.0,0,-97,0
976,-99.0,0,0,0.0,-98.0,0.0,0,-97,0
977,-99.0,0,0,0.0,-98.0,0.0,0,-97,0
978,-99.0,0,0,0.0,-98.0,0.0,0,-97,0
979,-99.0,0,0,0.0,-98.0,0.0,0,-97,0
980,-99.0,0,0,0.0,-98.0,0.0,0,-97,0
981,-99.0,0,0,0.0,-98.0,0.0,0,-97,0
982,-99.0,0,0,0.0,-98.0,0.0,0,-97,0
983,-99.0,0,0,0.0,-98.0,0.0,0,-97,0
984,-99.0,0,0,0.0,-98.0,0.0,0,-97,0
985,-99.0,0,0,0.0,-98.0,0.0,0,-97,0
986,-99.0,0,0,0.0,-98.0,0.0,0,-97,0
987,-99.0,0,0,0.0,-98.0,0.0,0,-97,0
988,-99.0,0,0,0.0,-98.0,0.0,0,-97,0
989,-99.0,0,0,0.0,-98.0,0.0,0,-97,0
990,-99.0,0,0,0.0,-98.0,0.0,0,-97,0
991,-99.0,0,0,0.0,-98.0,0.0,0,-97,0
992,-99.0,0,0,0.0,-98.0,0.0,0,-97,0
993,-99.0,0,0,0.0,-98.0,0.0,0,-97,0
994,-99.0,0,0,0.0,-98.0,0.0,0,-97,0
995,-99.0,0,0,0.0,-98.0,0.0,0,-97,0
996,-99.0,0,0,0.0,-98.0,0.0,0,-97,0
997,-99.0,0,0,0.0,-98.0,0.0,0,-97,0
998,-99.0,0,0,0.0,-98.0,0.0,0,-97,0
999,-99.0,0,0,0.0,-98.0,0.0,0,-97,0
1000,-99.0,0,0,0.0,-98.0,0.0,0,-97,0
1001,-99.0,0,0,0.0,-98.0,0.0,0,-97,0
1002,-99.0,0,0,0.0,-98.0,0.0,0,-97,0
1003,-99.0,0,0,0.0,-98.0,0.0,0,-97,0
1004,-99.0,0,0,0.0,-98.0,0.0,0,-97,0
1005,-99.0,0,0,0.0,-98.0,0.0,0,-97,0
1006,-99.0,0,0,0.0,-98.0,0.0,0,-97,0
1007,-99.0,0,0,0.0,-98.0,0.0,0,-97,0
1008,-99.0,0,0,0.0,-98.0,0.0,0,-97,0
1009,-99.0,0,0,0.0,-98.0,0.0,0,-97,0
1010,-99.0,0,0,0.0,-98.0,0.0,0,-97,0
1011,-99.0,0,0,0.0,-98.0,0.0,0,-97,0
1012,-99.0,0,0,0.0,-98.0,0.0,0,-97,0
1013,-99.0,0,0,0.0,-98.0,0.0,0,-97,0
1014,-99.0,0,0,0.0,-98.0,0.0,0,-97,0
1015,-99.0,0,0,0.0,-98.0,0.0,0,-97,0
1016,1.13,3,9,0.082,1.13,0.178,5,-97,0
1017,-99.0,0,0,0.0,-98.0,0.0,0,-97,0
1018,-99.0,0,0,0.0,-98.0,0.0,0,-97,0
1019,-99.0,0,0,0.0,-98.0,0.0,0,-97,0
1020,-99.0,0,0,0.0,-98.0,0.0,0,-97,0
1021,-99.0,0,0,0.0,-98.0,0.0,0,-97,0
1022,-99.0,0,0,0.0,-98.0,0.0,0,-97,0
1023,-99.0,0,0,0.0,-98.0,0.0,0,-97,0
1024,-99.0,0,0,0.0,-98.0,0.0,0,-97,0
1025,-99.0,0,0,0.0,-98.0,0.0,0,-97,0
1026,-99.0,0,0,0.0,-98.0,0.0,0,-97,0
1027,-99.0,0,0,0.0,-98.0,0.0,0,-97,0
1028,-99.0,0,0,0.0,-98.0,0.0,0,-97,0
1029,-99.0,0,0,0.0,-98.0,0.0,0,-97,0
1030,-99.0,0,0,0.0,-98.0,0.0,0,-97,0
1031,-99.0,0,0,0.0,-98.0,0.0,0,-97,0
1032,-99.0,0,0,0.0,-98.0,0.0,0,-97,0
1033,-99.0,0,0,0.0,-98.0,0.0,0,-97,0
1034,-99.0,0,0,0.0,-98.0,0.0,0,-97,0
1035,-99.0,0,0,0.0,-98.0,0.0,0,-97,0
1036,-99.0,0,0,0.0,-98.0,0.0,0,-97,0
1037,-99.0,0,0,0.0,-98.0,0.0,0,-97,0
1038,-99.0,0,0,0.0,-98.0,0.0,0,-97,0
1039,-99.0,0,0,0.0,-98.0,0.0,0,-97,0
1040,-99.0,0,0,0.0,-98.0,0.0,0,-97,0
1041,-99.0,0,0,0.0,-98.0,0.0,0,-97,0
1042,-99.0,0,0,0.0,-98.0,0.0,0,-97,0
1043,-99.0,0,0,0.0,-98.0,0.0,0,-97,0
1044,-99.0,0,0,0.0,-98.0,0.0,0,-97,0
1045,-99.0,0,0,0.0,-98.0,0.0,0,-97,0
1046,-99.0,0,0,0.0,-98.0,0.0,0,-97,0
1047,-99.0,0,0,0.0,-98.0,0.0,0,-97,0
1048,-99.0,0,0,0.0,-98.0,0.0,0,-97,0
1049,-99.0,0,0,0.0,-98.0,0.0,0,-97,0
1050,-99.0,0,0,0.0,-98.0,0.0,0,-97,0
1051,-99.0,0,0,0.0,-98.0,0.0,0,-97,0
1052,-99.0,0,0,0.0,-98.0,0.0,0,-97,0
1053,-99.0,0,0,0.0,-98.0,0.0,0,-97,0
1054,-99.0,0,0,0.0,-98.0,0.0,0,-97,0
1055,-99.0,0,0,0.0,-98.0,0.0,0,-97,0
1056,-99.0,0,0,0.0,-98.0,0.0,0,-97,0
1057,-99.0,0,0,0.0,-98.0,0.0,0,-97,0
1058,-99.0,0,0,0.0,-98.0,0.0,0,-97,0
1059,-99.0,0,0,0.0,-98.0,0.0,0,-97,0
1060,-99.0,0,0,0.0,-98.0,0.0,0,-97,0
1061,-99.0,0,0,0.0,-98.0,0.0,0,-97,0
1062,-99.0,0,0,0.0,-98.0,0.0,0,-97,0
1063,-99.0,0,0,0.0,-98.0,0.0,0,-97,0
1064,-99.0,0,0,0.0,-98.0,0.0,0,-97,0
1065,-99.0,0,0,0.0,-98.0,0.0,0,-97,0
1066,-99.0,0,0,0.0,-98.0,0.0,0,-97,0
1067,-99.0,0,0,0.0,-98.0,0.0,0,-97,0
1068,-99.0,0,0,0.0,-98.0,0.0,0,-97,0
1069,-99.0,0,0,0.0,-98.0,0.0,0,-97,0
1070,-99.0,0,0,0.0,-98.0,0.0,0,-97,0
1071,-99.0,0,0,0.0,-98.0,0.0,0,-97,0
1072,-99.0,0,0,0.0,-98.0,0.0,0,-97,0
1073,-99.0,0,0,0.0,-98.0,0.0,0,-97,0
1074,-99.0,0,0,0.0,-98.0,0.0,0,-97,0
1075,-99.0,0,0,0.0,-98.0,0.0,0,-97,0
1076,-99.0,0,0,0.0,-98.0,0.0,0,-97,0
1077,-99.0,0,0,0.0,-98.0,0.0,0,-97,0
1078,-99.0,0,0,0.0,-98.0,0.0,0,-97,0
1079,-99.0,0,0,0.0,-98.0,0.0,0,-97,0
1080,-99.0,0,0,0.0,-98.0,0.0,0,-97,0
1081,-99.0,0,0,0.0,-98.0,0.0,0,-97,0
1082,-99.0,0,0,0.0,-98.0,0.0,0,-97,0
1083,-99.0,0,0,0.0,-98.0,0.0,0,-97,0
1084,-99.0,0,0,0.0,-98.0,0.0,0,-97,0
1085,-99.0,0,0,0.0,-98.0,0.0,0,-97,0
1086,-99.0,0,0,0.0,-98.0,0.0,0,-97,0
1087,-99.0,0,0,0.0,-98.0,0.0,0,-97,0
1088,-99.0,0,0,0.0,-98.0,0.0,0,-97,0
1089,-99.0,0,0,0.0,-98.0,0.0,0,-97,0
1090,-99.0,0,0,0.0,-98.0,0.0,0,-97,0
1091,-99.0,0,0,0.0,-98.0,0.0,0,-97,0
1092,-99.0,0,0,0.0,-98.0,0.0,0,-97,0
1093,-99.0,0,0,0.0,-98.0,0.0,0,-97,0
1094,-99.0,0,0,0.0,-98.0,0.0,0,-97,0
1095,-99.0,0,0,0.0,-98.0,0.0,0,-97,0
1096,-99.0,0,0,0.0,-98.0,0.0,0,-97,0
1097,-99.0,0,0,0.0,-98.0,0.0,0,-97,0
1098,-99.0,0,0,0.0,-98.0,0.0,0,-97,0
1099,-99.0,0,0,0.0,-98.0,0.0,0,-97,0
1100,-99.0,0,0,0.0,-98.0,0.0,0,-97,0
1101,-99.0,0,0,0.0,-98.0,0.0,0,-97,0
1102,-99.0,0,0,0.0,-98.0,0.0,0,-97,0
1103,-99.0,0,0,0.0,-98.0,0.0,0,-97,0
1104,-99.0,0,0,0.0,-98.0,0.0,0,-97,0
1105,-99.0,0,0,0.0,-98.0,0.0,0,-97,0
1106,-99.0,0,0,0.0,-98.0,0.0,0,-97,0
1107,-99.0,0,0,0.0,-98.0,0.0,0,-97,0
1108,-99.0,0,0,0.0,-98.0,0.0,0,-97,0
1109,-99.0,0,0,0.0,-98.0,0.0,0,-97,0
1110,-99.0,0,0,0.0,-98.0,0.0,0,-97,0
1111,-99.0,0,0,0.0,-98.0,0.0,0,-97,0
1112,-99.0,0,0,0.0,-98.0,0.0,0,-97,0
1113,-99.0,0,0,0.0,-98.0,0.0,0,-97,0
1114,-99.0,0,0,0.0,-98.0,0.0,0,-97,0
1115,-99.0,0,0,0.0,-98.0,0.0,0,-97,0
1116,-99.0,0,0,0.0,-98.0,0.0,0,-97,0
1117,-99.0,0,0,0.0,-98.0,0.0,0,-97,0
1118,-99.0,0,0,0.0,-98.0,0.0,0,-97,0
1119,-99.0,0,0,0.0,-98.0,0.0,0,-97,0
1120,-99.0,0,0,0.0,-98.0,0.0,0,-97,0
1121,-99.0,0,0,0.0,-98.0,0.0,0,-97,0
1122,-99.0,0,0,0.0,-98.0,0.0,0,-97,0
1123,-99.0,0,0,0.0,-98.0,0.0,0,-97,0
1124,-99.0,0,0,0.0,-98.0,0.0,0,-97,0
1125,-99.0,0,0,0.0,-98.0,0.0,0,-97,0
1126,-99.0,0,0,0.0,-98.0,0.0,0,-97,0
1127,-99.0,0,0,0.0,-98.0,0.0,0,-97,0
1128,-99.0,0,0,0.0,-98.0,0.0,0,-97,0
1129,-99.0,0,0,0.0,-98.0,0.0,0,-97,0
1130,-99.0,0,0,0.0,-98.0,0.0,0,-97,0
1131,-99.0,0,0,0.0,-98.0,0.0,0,-97,0
1132,-99.0,0,0,0.0,-98.0,0.0,0,-97,0
1133,-99.0,0,0,0.0,-98.0,0.0,0,-97,0
1134,-99.0,0,0,0.0,-98.0,0.0,0,-97,0
1135,-99.0,0,0,0.0,-98.0,0.0,0,-97,0
1136,-99.0,0,0,0.0,-98.0,0.0,0,-97,0
1137,-99.0,0,0,0.0,-98.0,0.0,0,-97,0
1138,-99.0,0,0,0.0,-98.0,0.0,0,-97,0
1139,-99.0,0,0,0.0,-98.0,0.0,0,-97,0
1140,-99.0,0,0,0.0,-98.0,0.0,0,-97,0
1141,-99.0,0,0,0.0,-98.0,0.0,0,-97,0
1142,-99.0,0,0,0.0,-98.0,0.0,0,-97,0
1143,-99.0,0,0,0.0,-98.0,0.0,0,-97,0
1144,-99.0,0,0,0.0,-98.0,0.0,0,-97,0
1145,-99.0,0,0,0.0,-98.0,0.0,0,-97,0
1146,-99.0,0,0,0.0,-98.0,0.0,0,-97,0
1147,-99.0,0,0,0.0,-98.0,0.0,0,-97,0
1148,-99.0,0,0,0.0,-98.0,0.0,0,-97,0
1149,-99.0,0,0,0.0,-98.0,0.0,0,-97,0
1150,-99.0,0,0,0.0,-98.0,0.0,0,-97,0
1151,-99.0,0,0,0.0,-98.0,0.0,0,-97,0
1152,-99.0,0,0,0.0,-98.0,0.0,0,-97,0
1153,-99.0,0,0,0.0,-98.0,0.0,0,-97,0
1154,-99.0,0,0,0.0,-98.0,0.0,0,-97,0
1155,-99.0,0,0,0.0,-98.0,0.0,0,-97,0
1156,-99.0,0,0,0.0,-98.0,0.0,0,-97,0
1157,-99.0,0,0,0.0,-98.0,0.0,0,-97,0
1158,-99.0,0,0,0.0,-98.0,0.0,0,-97,0
1159,-99.0,0,0,0.0,-98.0,0.0,0,-97,0
1160,-99.0,0,0,0.0,-98.0,0.0,0,-97,0
1161,-99.0,0,0,0.0,-98.0,0.0,0,-97,0
1162,-99.0,0,0,0.0,-98.0,0.0,0,-97,0
1163,-99.0,0,0,0.0,-98.0,0.0,0,-97,0
1164,-99.0,0,0,0.0,-98.0,0.0,0,-97,0
1165,-99.0,0,0,0.0,-98.0,0.0,0,-97,0
1166,-99.0,0,0,0.0,-98.0,0.0,0,-97,0
1167,-99.0,0,0,0.0,-98.0,0.0,0,-97,0
1168,-99.0,0,0,0.0,-98.0,0.0,0,-97,0
1169,-99.0,0,0,0.0,-98.0,0.0,0,-97,0
1170,-99.0,0,0,0.0,-98.0,0.0,0,-97,0
1171,-99.0,0,0,0.0,-98.0,0.0,0,-97,0
1172,-99.0,0,0,0.0,-98.0,0.0,0,-97,0
1173,-99.0,0,0,0.0,-98.0,0.0,0,-97,0
1174,-99.0,0,0,0.0,-98.0,0.0,0,-97,0
1175,-99.0,0,0,0.0,-98.0,0.0,0,-97,0
1176,-99.0,0,0,0.0,-98.0,0.0,0,-97,0
1177,-99.0,0,0,0.0,-98.0,0.0,0,-97,0
1178,-99.0,0,0,0.0,-98.0,0.0,0,-97,0
1179,-99.0,0,0,0.0,-98.0,0.0,0,-97,0
1180,-99.0,0,0,0.0,-98.0,0.0,0,-97,0
1181,-99.0,0,0,0.0,-98.0,0.0,0,-97,0
1182,-99.0,0,0,0.0,-98.0,0.0,0,-97,0
1183,-99.0,0,0,0.0,-98.0,0.0,0,-97,0
1184,-99.0,0,0,0.0,-98.0,0.0,0,-97,0
1185,-99.0,0,0,0.0,-98.0,0.0,0,-97,0
1186,-99.0,0,0,0.0,-98.0,0.0,0,-97,0
1187,-99.0,0,0,0.0,-98.0,0.0,0,-97,0
1188,-99.0,0,0,0.0,-98.0,0.0,0,-97,0
1189,-99.0,0,0,0.0,-98.0,0.0,0,-97,0
1190,-99.0,0,0,0.0,-98.0,0.0,0,-97,0
1191,-99.0,0,0,0.0,-98.0,0.0,0,-97,0
1192,-99.0,0,0,0.0,-98.0,0.0,0,-97,0
1193,-99.0,0,0,0.0,-98.0,0.0,0,-97,0
1194,-99.0,0,0,0.0,-98.0,0.0,0,-97,0
1195,-99.0,0,0,0.0,-98.0,0.0,0,-97,0
1196,-99.0,0,0,0.0,-98.0,0.0,0,-97,0
1197,-99.0,0,0,0.0,-98.0,0.0,0,-97,0
1198,-99.0,0,0,0.0,-98.0,0.0,0,-97,0
1199,-99.0,0,0,0.0,-98.0,0.0,0,-97,0
1200,-99.0,0,0,0.0,-98.0,0.0,0,-97,0
1201,-99.0,0,0,0.0,-98.0,0.0,0,-97,0
1202,-99.0,0,0,0.0,-98.0,0.0,0,-97,0
1203,-99.0,0,0,0.0,-98.0,0.0,0,-97,0
1204,-99.0,0,0,0.0,-98.0,0.0,0,-97,0
1205,-99.0,0,0,0.0,-98.0,0.0,0,-97,0
1206,-99.0,0,0,0.0,-98.0,0.0,0,-97,0
1207,-99.0,0,0,0.0,-98.0,0.0,0,-97,0
1208,-99.0,0,0,0.0,-98.0,0.0,0,-97,0
1209,-99.0,0,0,0.0,-98.0,0.0,0,-97,0
1210,-99.0,0,0,0.0,-98.0,0.0,0,-97,0
1211,-99.0,0,0,0.0,-98.0,0.0,0,-97,0
1212,-99.0,0,0,0.0,-98.0,0.0,0,-97,0
1213,-99.0,0,0,0.0,-98.0,0.0,0,-97,0
1214,-99.0,0,0,0.0,-98.0,0.0,0,-97,0
1215,-99.0,0,0,0.0,-98.0,0.0,0,-97,0
1216,-99.0,0,0,0.0,-98.0,0.0,0,-97,0
1217,-99.0,0,0,0.0,-98.0,0.0,0,-97,0
1218,-99.0,0,0,0.0,-98.0,0.0,0,-97,0
1219,-99.0,0,0,0.0,-98.0,0.0,0,-97,0
1220,-99.0,0,0,0.0,-98.0,0.0,0,-97,0
1221,-99.0,0,0,0.0,-98.0,0.0,0,-97,0
1222,-99.0,0,0,0.0,-98.0,0.0,0,-97,0
1223,-99.0,0,0,0.0,-98.0,0.0,0,-97,0
1224,-99.0,0,0,0.0,-98.0,0.0,0,-97,0
1225,-99.0,0,0,0.0,-98.0,0.0,0,-97,0
1226,-99.0,0,0,0.0,-98.0,0.0,0,-97,0
1227,-99.0,0,0,0.0,-98.0,0.0,0,-97,0
1228,-99.0,0,0,0.0,-98.0,0.0,0,-97,0
1229,-99.0,0,0,0.0,-98.0,0.0,0,-97,0
1230,-99.0,0,0,0.0,-98.0,0.0,0,-97,0
1231,-99.0,0,0,0.0,-98.0,0.0,0,-97,0
1232,-99.0,0,0,0.0,-98.0,0.0,0,-97,0
1233,-99.0,0,0,0.0,-98.0,0.0,0,-97,0
1234,-99.0,0,0,0.0,-98.0,0.0,0,-97,0
1235,-99.0,0,0,0.0,-98.0,0.0,0,-97,0
1236,-99.0,0,0,0.0,-98.0,0.0,0,-97,0
1237,-99.0,0,0,0.0,-98.0,0.0,0,-97,0
1238,-99.0,0,0,0.0,-98.0,0.0,0,-97,0
1239,-99.0,0,0,0.0,-98.0,0.0,0,-97,0
1240,-99.0,0,0,0.0,-98.0,0.0,0,-97,0
1241,-99.0,0,0,0.0,-98.0,0.0,0,-97,0
1242,-99.0,0,0,0.0,-98.0,0.0,0,-97,0
1243,-99.0,0,0,0.0,-98.0,0.0,0,-97,0
1244,-99.0,0,0,0.0,-98.0,0.0,0,-97,0
1245,-99.0,0,0,0.0,-98.0,0.0,0,-97,0
1246,-99.0,0,0,0.0,-98.0,0.0,0,-97,0
1247,-99.0,0,0,0.0,-98.0,0.0,0,-97,0
1248,-99.0,0,0,0.0,-98.0,0.0,0,-97,0
1249,-99.0,0,0,0.0,-98.0,0.0,0,-97,0
1250,-99.0,0,0,0.0,-98.0,0.0,0,-97,0
1251,-99.0,0,0,0.0,-98.0,0.0,0,-97,0
1252,-99.0,0,0,0.0,-98.0,0.0,0,-97,0
1253,-99.0,0,0,0.0,-98.0,0.0,0,-97,0
1254,-99.0,0,0,0.0,-98.0,0.0,0,-97,0
1255,-99.0,0,0,0.0,-98.0,0.0,0,-97,0
1256,-99.0,0,0,0.0,-98.0,0.0,0,-97,0
1257,-99.0,0,0,0.0,-98.0,0.0,0,-97,0
1258,-99.0,0,0,0.0,-98.0,0.0,0,-97,0
1259,-99.0,0,0,0.0,-98.0,0.0,0,-97,0
1260,-99.0,0,0,0.0,-98.0,0.0,0,-97,0
1261,-99.0,0,0,0.0,-98.0,0.0,0,-97,0
1262,-99.0,0,0,0.0,-98.0,0.0,0,-97,0
1263,-99.0,0,0,0.0,-98.0,0.0,0,-97,0
1264,-99.0,0,0,0.0,-98.0,0.0,0,-97,0
1265,-99.0,0,0,0.0,-98.0,0.0,0,-97,0
1266,-99.0,0,0,0.0,-98.0,0.0,0,-97,0
1267,-99.0,0,0,0.0,-98.0,0.0,0,-97,0
1268,-99.0,0,0,0.0,-98.0,0.0,0,-97,0
1269,-99.0,0,0,0.0,-98.0,0.0,0,-97,0
1270,-99.0,0,0,0.0,-98.0,0.0,0,-97,0
1271,-99.0,0,0,0.0,-98.0,0.0,0,-97,0
1272,-99.0,0,0,0.0,-98.0,0.0,0,-97,0
1273,-99.0,0,0,0.0,-98.0,0.0,0,-97,0
1274,-99.0,0,0,0.0,-98.0,0.0,0,-97,0
1275,-99.0,0,0,0.0,-98.0,0.0,0,-97,0
1276,-99.0,0,0,0.0,-98.0,0.0,0,-97,0
1277,-99.0,0,0,0.0,-98.0,0.0,0,-97,0
1278,-99.0,0,0,0.0,-98.0,0.0,0,-97,0
1279,-99.0,0,0,0.0,-98.0,0.0,0,-97,0
1280,-99.0,0,0,0.0,-98.0,0.0,0,-97,0
1281,-99.0,0,0,0.0,-98.0,0.0,0,-97,0
1282,-99.0,0,0,0.0,-98.0,0.0,0,-97,0
1283,-99.0,0,0,0.0,-98.0,0.0,0,-97,0
1284,-99.0,0,0,0.0,-98.0,0.0,0,-97,0
1285,-99.0,0,0,0.0,-98.0,0.0,0,-97,0
1286,-99.0,0,0,0.0,-98.0,0.0,0,-97,0
1287,-99.0,0,0,0.0,-98.0,0.0,0,-97,0
1288,-99.0,0,0,0.0,-98.0,0.0,0,-97,0
1289,-99.0,0,0,0.0,-98.0,0.0,0,-97,0
1290,-99.0,0,0,0.0,-98.0,0.0,0,-97,0
1291,-99.0,0,0,0.0,-98.0,0.0,0,-97,0
1292,-99.0,0,0,0.0,-98.0,0.0,0,-97,0
1293,-99.0,0,0,0.0,-98.0,0.0,0,-97,0
1294,-99.0,0,0,0.0,-98.0,0.0,0,-97,0
1295,-99.0,0,0,0.0,-98.0,0.0,0,-97,0
1296,-99.0,0,0,0.0,-98.0,0.0,0,-97,0
1297,-99.0,0,0,0.0,-98.0,0.0,0,-97,0
1298,-99.0,0,0,0.0,-98.0,0.0,0,-97,0
1299,-99.0,0,0,0.0,-98.0,0.0,0,-97,0
1300,-99.0,0,0,0.0,-98.0,0.0,0,-97,0
1301,-99.0,0,0,0.0,-98.0,0.0,0,-97,0
1302,-99.0,0,0,0.0,-98.0,0.0,0,-97,0
1303,-99.0,0,0,0.0,-98.0,0.0,0,-97,0
1304,-99.0,0,0,0.0,-98.0,0.0,0,-97,0
1305,-99.0,0,0,0.0,-98.0,0.0,0,-97,0
1306,-99.0,0,0,0.0,-98.0,0.0,0,-97,0
1307,-99.0,0,0,0.0,-98.0,0.0,0,-97,0
1308,-99.0,0,0,0.0,-98.0,0.0,0,-97,0
1309,-99.0,0,0,0.0,-98.0,0.0,0,-97,0
1310,-99.0,0,0,0.0,-98.0,0.0,0,-97,0
1311,-99.0,0,0,0.0,-98.0,0.0,0,-97,0
1312,-99.0,0,0,0.0,-98.0,0.0,0,-97,0
1313,-99.0,0,0,0.0,-98.0,0.0,0,-97,0
1314,-99.0,0,0,0.0,-98.0,0.0,0,-97,0
1315,-99.0,0,0,0.0,-98.0,0.0,0,-97,0
1316,-99.0,0,0,0.0,-98.0,0.0,0,-97,0
1317,-99.0,0,0,0.0,-98.0,0.0,0,-97,0
1318,-99.0,0,0,0.0,-98.0,0.0,0,-97,0
1319,-99.0,0,0,0.0,-98.0,0.0,0,-97,0
1320,-99.0,0,0,0.0,-98.0,0.0,0,-97,0
1321,-99.0,0,0,0.0,-98.0,0.0,0,-97,0
1322,-99.0,0,0,0.0,-98.0,0.0,0,-97,0
1323,-99.0,0,0,0.0,-98.0,0.0,0,-97,0
1324,-99.0,0,0,0.0,-98.0,0.0,0,-97,0
1325,-99.0,0,0,0.0,-98.0,0.0,0,-97,0
1326,-99.0,0,0,0.0,-98.0,0.0,0,-97,0
1327,-99.0,0,0,0.0,-98.0,0.0,0,-97,0
1328,-99.0,0,0,0.0,-98.0,0.0,0,-97,0
1329,-99.0,0,0,0.0,-98.0,0.0,0,-97,0
1330,-99.0,0,0,0.0,-98.0,0.0,0,-97,0
1331,-99.0,0,0,0.0,-98.0,0.0,0,-97,0
1332,1.145,3,9,0.045,1.145,0.914,5,-97,0
1333,-99.0,0,0,0.0,-98.0,0.0,0,-97,0
1334,-99.0,0,0,0.0,-98.0,0.0,0,-97,0
1335,-99.0,0,0,0.0,-98.0,0.0,0,-97,0
1336,-99.0,0,0,0.0,-98.0,0.0,0,-97,0
1337,-99.0,0,0,0.0,-98.0,0.0,0,-97,0
1338,-99.0,0,0,0.0,-98.0,0.0,0,-97,0
1339,-99.0,0,0,0.0,-98.0,0.0,0,-97,0
1340,-99.0,0,0,0.0,-98.0,0.0,0,-97,0
1341,-99.0,0,0,0.0,-98.0,0.0,0,-97,0
1342,-99.0,0,0,0.0,-98.0,0.0,0,-97,0
1343,-99.0,0,0,0.0,-98.0,0.0,0,-97,0
1344,-99.0,0,0,0.0,-98.0,0.0,0,-97,0
1345,-99.0,0,0,0.0,-98.0,0.0,0,-97,0
1346,-99.0,0,0,0.0,-98.0,0.0,0,-97,0
1347,-99.0,0,0,0.0,-98.0,0.0,0,-97,0
1348,-99.0,0,0,0.0,-98.0,0.0,0,-97,0
1349,1.129,3,9,0.301,1.129,0.416,5,-97,0
1350,-99.0,0,0,0.0,-98.0,0.0,0,-97,0
1351,-99.0,0,0,0.0,-98.0,0.0,0,-97,0
1352,-99.0,0,0,0.0,-98.0,0.0,0,-97,0
1353,-99.0,0,0,0.0,-98.0,0.0,0,-97,0
1354,-99.0,0,0,0.0,-98.0,0.0,0,-97,0
1355,-99.0,0,0,0.0,-98.0,0.0,0,-97,0
1356,-99.0,0,0,0.0,-98.0,0.0,0,-97,0
1357,-99.0,0,0,0.0,-98.0,0.0,0,-97,0
1358,-99.0,0,0,0.0,-98.0,0.0,0,-97,0
1359,-99.0,0,0,0.0,-98.0,0.0,0,-97,0
1360,-99.0,0,0,0.0,-98.0,0.0,0,-97,0
1361,-99.0,0,0,0.0,-98.0,0.0,0,-97,0
1362,-99.0,0,0,0.0,-98.0,0.0,0,-97,0
1363,-99.0,0,0,0.0,-98.0,0.0,0,-97,0
1364,-99.0,0,0,0.0,-98.0,0.0,0,-97,0
1365,-99.0,0,0,0.0,-98.0,0.0,0,-97,0
1366,-99.0,0,0,0.0,-98.0,0.0,0,-97,0
1367,1.115,3,9,0.137,1.115,0.871,5,-97,0
1368,-99.0,0,0,0.0,-98.0,0.0,0,-97,0
1369,-99.0,0,0,0.0,-98.0,0.0,0,-97,0
1370,-99.0,0,0,0.0,-98.0,0.0,0,-97,0
1371,-99.0,0,0,0.0,-98.0,0.0,0,-97,0
1372,-99.0,0,0,0.0,-98.0,0.0,0,-97,0
1373,-99.0,0,0,0.0,-98.0,0.0,0,-97,0
1374,-99.0,0,0,0.0,-98.0,0.0,0,-97,0
1375,-99.0,0,0,0.0,-98.0,0.0,0,-97,0
1376,-99.0,0,0,0.0,-98.0,0.0,0,-97,0
1377,-99.0,0,0,0.0,-98.0,0.0,0,-97,0
1378,-99.0,0,0,0.0,-98.0,0.0,0,-97,0
1379,-99.0,0,0,0.0,-98.0,0.0,0,-97,0
1380,-99.0,0,0,0.0,-98.0,0.0,0,-97,0
1381,-99.0,0,0,0.0,-98.0,0.0,0,-97,0
1382,-99.0,0,0,0.0,-98.0,0.0,0,-97,0
1383,-99.0,0,0,0.0,-98.0,0.0,0,-97,0
1384,-99.0,0,0,0.0,-98.0,0.0,0,-97,0
1385,-99.0,0,0,0.0,-98.0,0.0,0,-97,0
1386,-99.0,0,0,0.0,-98.0,0.0,0,-97,0
1387,-99.0,0,0,0.0,-98.0,0.0,0,-97,0
1388,1.139,3,9,0.067,1.139,0.288,5,-97,0
1389,-99.0,0,0,0.0,-98.0,0.0,0,-97,0
1390,-99.0,0,0,0.0,-98.0,0.0,0,-97,0
1391,-99.0,0,0,0.0,-98.0,0.0,0,-97,0
1392,-99.0,0,0,0.0,-98.0,0.0,0,-97,0
1393,-99.0,0,0,0.0,-98.0,0.0,0,-97,0
1394,-99.0,0,0,0.0,-98.0,0.0,0,-97,0
1395,-99.0,0,0,0.0,-98.0,0.0,0,-97,0
1396,-99.0,0,0,0.0,-98.0,0.0,0,-97,0
1397,-99.0,0,0,0.0,-98.0,0.0,0,-97,0
1398,-99.0,0,0,0.0,-98.0,0.0,0,-97,0
1399,-99.0,0,0,0.0,-98.0,0.0,0,-97,0
1400,-99.0,0,0,0.0,-98.0,0.0,0,-97,0
1401,-99.0,0,0,0.0,-98.0,0.0,0,-97,0
1402,-99.0,0,0,0.0,-98.0,0.0,0,-97,0
1403,-99.0,0,0,0.0,-98.0,0.0,0,-97,0
1404,-99.0,0,0,0.0,-98.0,0.0,0,-97,0
1405,-99.0,0,0,0.0,-98.0,0.0,0,-97,0
1406,-99.0,0,0,0.0,-98.0,0.0,0,-97,0
1407,-99.0,0,0,0.0,-98.0,0.0,0,-97,0
1408,-99.0,0,0,0.0,-98.0,0.0,0,-97,0
1409,-99.0,0,0,0.0,-98.0,0.0,0,-97,0
1410,-99.0,0,0,0.0,-98.0,0.0,0,-97,0
1411,-99.0,0,0,0.0,-98.0,0.0,0,-97,0
1412,-99.0,0,0,0.0,-98.0,0.0,0,-97,0
1413,-99.0,0,0,0.0,-98.0,0.0,0,-97,0
1414,-99.0,0,0,0.0,-98.0,0.0,0,-97,0
1415,-99.0,0,0,0.0,-98.0,0.0,0,-97,0
1416,-99.0,0,0,0.0,-98.0,0.0,0,-97,0
1417,-99.0,0,0,0.0,-98.0,0.0,0,-97,0
1418,-99.0,0,0,0.0,-98.0,0.0,0,-97,0
1419,-99.0,0,0,0.0,-98.0,0.0,0,-97,0
1420,-99.0,0,0,0.0,-98.0,0.0,0,-97,0
1421,-99.0,0,0,0.0,-98.0,0.0,0,-97,0
1422,-99.0,0,0,0.0,-98.0,0.0,0,-97,0
1423,-99.0,0,0,0.0,-98.0,0.0,0,-97,0
1424,-99.0,0,0,0.0,-98.0,0.0,0,-97,0
1425,-99.0,0,0,0.0,-98.0,0.0,0,-97,0
1426,-99.0,0,0,0.0,-98.0,0.0,0,-97,0
1427,-99.0,0,0,0.0,-98.0,0.0,0,-97,0
1428,-99.0,0,0,0.0,-98.0,0.0,0,-97,0
1429,-99.0,0,0,0.0,-98.0,0.0,0,-97,0
1430,-99.0,0,0,0.0,-98.0,0.0,0,-97,0
1431,-99.0,0,0,0.0,-98.0,0.0,0,-97,0
1432,-99.0,0,0,0.0,-98.0,0.0,0,-97,0
1433,-99.0,0,0,0.0,-98.0,0.0,0,-97,0
1434,-99.0,0,0,0.0,-98.0,0.0,0,-97,0
1435,-99.0,0,0,0.0,-98.0,0.0,0,-97,0
1436,-99.0,0,0,0.0,-98.0,0.0,0,-97,0
1437,-99.0,0,0,0.0,-98.0,0.0,0,-97,0
1438,-99.0,0,0,0.0,-98.0,0.0,0,-97,0
1439,-99.0,0,0,0.0,-98.0,0.0,0,-97,0
1440,-99.0,0,0,0.0,-98.0,0.0,0,-97,0
1441,-99.0,0,0,0.0,-98.0,0.0,0,-97,0
1442,-99.0,0,0,0.0,-98.0,0.0,0,-97,0
1443,-99.0,0,0,0.0,-98.0,0.0,0,-97,0
1444,-99.0,0,0,0.0,-98.0,0.0,0,-97,0
1445,-99.0,0,0,0.0,-98.0,0.0,0,-97,0
1446,-99.0,0,0,0.0,-98.0,0.0,0,-97,0
1447,-99.0,0,0,0.0,-98.0,0.0,0,-97,0
1448,-99.0,0,0,0.0,-98.0,0.0,0,-97,0
1449,-99.0,0,0,0.0,-98.0,0.0,0,-97,0
1450,-99.0,0,0,0.0,-98.0,0.0,0,-97,0
1451,-99.0,0,0,0.0,-98.0,0.0,0,-97,0
1452,-99.0,0,0,0.0,-98.0,0.0,0,-97,0
1453,-99.0,0,0,0.0,-98.0,0.0,0,-97,0
1454,-99.0,0,0,0.0,-98.0,0.0,0,-97,0
1455,-99.0,0,0,0.0,-98.0,0.0,0,-97,0
1456,-99.0,0,0,0.0,-98.0,0.0,0,-97,0
1457,-99.0,0,0,0.0,-98.0,0.0,0,-97,0
1458,-99.0,0,0,0.0,-98.0,0.0,0,-97,0
1459,-99.0,0,0,0.0,-98.0,0.0,0,-97,0
1460,-99.0,0,0,0.0,-98.0,0.0,0,-97,0
1461,-99.0,0,0,0.0,-98.0,0.0,0,-97,0
1462,-99.0,0,0,0.0,-98.0,0.0,0,-97,0
1463,-99.0,0,0,0.0,-98.0,0.0,0,-97,0
1464,-99.0,0,0,0.0,-98.0,0.0,0,-97,0
1465,-99.0,0,0,0.0,-98.0,0.0,0,-97,0
1466,-99.0,0,0,0.0,-98.0,0.0,0,-97,0
1467,-99.0,0,0,0.0,-98.0,0.0,0,-97,0
1468,-99.0,0,0,0.0,-98.0,0.0,0,-97,0
1469,-99.0,0,0,0.0,-98.0,0.0,0,-97,0
1470,-99.0,0,0,0.0,-98.0,0.0,0,-97,0
1471,-99.0,0,0,0.0,-98.0,0.0,0,-97,0
1472,-99.0,0,0,0.0,-98.0,0.0,0,-97,0
1473,-99.0,0,0,0.0,-98.0,0.0,0,-97,0
1474,-99.0,0,0,0.0,-98.0,0.0,0,-97,0
1475,-99.0,0,0,0.0,-98.0,0.0,0,-97,0
1476,-99.0,0,0,0.0,-98.0,0.0,0,-97,0
1477,-99.0,0,0,0.0,-98.0,0.0,0,-97,0
1478,-99.0,0,0,0.0,-98.0,0.0,0,-97,0
1479,-99.0,0,0,0.0,-98.0,0.0,0,-97,0
1480,-99.0,0,0,0.0,-98.0,0.0,0,-97,0
1481,-99.0,0,0,0.0,-98.0,0.0,0,-97,0
1482,-99.0,0,0,0.0,-98.0,0.0,0,-97,0
1483,-99.0,0,0,0.0,-98.0,0.0,0,-97,0
1484,-99.0,0,0,0.0,-98.0,0.0,0,-97,0
1485,-99.0,0,0,0.0,-98.0,0.0,0,-97,0
1486,-99.0,0,0,0.0,-98.0,0.0,0,-97,0
1487,-99.0,0,0,0.0,-98.0,0.0,0,-97,0
1488,-99.0,0,0,0.0,-98.0,0.0,0,-97,0
1489,-99.0,0,0,0.0,-98.0,0.0,0,-97,0
1490,-99.0,0,0,0.0,-98.0,0.0,0,-97,0
1491,-99.0,0,0,0.0,-98.0,0.0,0,-97,0
1492,-99.0,0,0,0.0,-98.0,0.0,0,-97,0
1493,-99.0,0,0,0.0,-98.0,0.0,0,-97,0
1494,-99.0,0,0,0.0,-98.0,0.0,0,-97,0
1495,-99.0,0,0,0.0,-98.0,0.0,0,-97,0
1496,-99.0,0,0,0.0,-98.0,0.0,0,-97,0
1497,-99.0,0,0,0.0,-98.0,0.0,0,-97,0
1498,-99.0,0,0,0.0,-98.0,0.0,0,-97,0
1499,-99.0,0,0,0.0,-98.0,0.0,0,-97,0
1500,-99.0,0,0,0.0,-98.0,0.0,0,-97,0
1501,-99.0,0,0,0.0,-98.0,0.0,0,-97,0
1502,-99.0,0,0,0.0,-98.0,0.0,0,-97,0
1503,-99.0,0,0,0.0,-98.0,0.0,0,-97,0
1504,-99.0,0,0,0.0,-98.0,0.0,0,-97,0
1505,-99.0,0,0,0.0,-98.0,0.0,0,-97,0
1506,-99.0,0,0,0.0,-98.0,0.0,0,-97,0
1507,-99.0,0,0,0.0,-98.0,0.0,0,-97,0
1508,-99.0,0,0,0.0,-98.0,0.0,0,-97,0
1509,-99.0,0,0,0.0,-98.0,0.0,0,-97,0
1510,-99.0,0,0,0.0,-98.0,0.0,0,-97,0
1511,-99.0,0,0,0.0,-98.0,0.0,0,-97,0
1512,-99.0,0,0,0.0,-98.0,0.0,0,-97,0
1513,-99.0,0,0,0.0,-98.0,0.0,0,-97,0
1514,-99.0,0,0,0.0,-98.0,0.0,0,-97,0
1515,-99.0,0,0,0.0,-98.0,0.0,0,-97,0
1516,-99.0,0,0,0.0,-98.0,0.0,0,-97,0
1517,-99.0,0,0,0.0,-98.0,0.0,0,-97,0
1518,-99.0,0,0,0.0,-98.0,0.0,0,-97,0
1519,-99.0,0,0,0.0,-98.0,0.0,0,-97,0
1520,-99.0,0,0,0.0,-98.0,0.0,0,-97,0
1521,-99.0,0,0,0.0,-98.0,0.0,0,-97,0
1522,-99.0,0,0,0.0,-98.0,0.0,0,-97,0
1523,-99.0,0,0,0.0,-98.0,0.0,0,-97,0
1524,-99.0,0,0,0.0,-98.0,0.0,0,-97,0
1525,-99.0,0,0,0.0,-98.0,0.0,0,-97,0
1526,-99.0,0,0,0.0,-98.0,0.0,0,-97,0
1527,-99.0,0,0,0.0,-98.0,0.0,0,-97,0
1528,-99.0,0,0,0.0,-98.0,0.0,0,-97,0
1529,-99.0,0,0,0.0,-98.0,0.0,0,-97,0
1530,-99.0,0,0,0.0,-98.0,0.0,0,-97,0
1531,-99.0,0,0,0.0,-98.0,0.0,0,-97,0
1532,-99.0,0,0,0.0,-98.0,0.0,0,-97,0
1533,-99.0,0,0,0.0,-98.0,0.0,0,-97,0
1534,-99.0,0,0,0.0,-98.0,0.0,0,-97,0
1535,-99.0,0,0,0.0,-98.0,0.0,0,-97,0
1536,-99.0,0,0,0.0,-98.0,0.0,0,-97,0
1537,1.136,3,9,0.053,1.136,0.894,5,-97,0
1538,-99.0,0,0,0.0,-98.0,0.0,0,-97,0
1539,-99.0,0,0,0.0,-98.0,0.0,0,-97,0
1540,-99.0,0,0,0.0,-98.0,0.0,0,-97,0
1541,-99.0,0,0,0.0,-98.0,0.0,0,-97,0
1542,-99.0,0,0,0.0,-98.0,0.0,0,-97,0
1543,-99.0,0,0,0.0,-98.0,0.0,0,-97,0
1544,-99.0,0,0,0.0,-98.0,0.0,0,-97,0
1545,-99.0,0,0,0.0,-98.0,0.0,0,-97,0
1546,-99.0,0,0,0.0,-98.0,0.0,0,-97,0
1547,-99.0,0,0,0.0,-98.0,0.0,0,-97,0
1548,-99.0,0,0,0.0,-98.0,0.0,0,-97,0
1549,-99.0,0,0,0.0,-98.0,0.0,0,-97,0
1550,-99.0,0,0,0.0,-98.0,0.0,0,-97,0
1551,-99.0,0,0,0.0,-98.0,0.0,0,-97,0
1552,-99.0,0,0,0.0,-98.0,0.0,0,-97,0
1553,-99.0,0,0,0.0,-98.0,0.0,0,-97,0
1554,-99.0,0,0,0.0,-98.0,0.0,0,-97,0
1555,-99.0,0,0,0.0,-98.0,0.0,0,-97,0
1556,-99.0,0,0,0.0,-98.0,0.0,0,-97,0
1557,-99.0,0,0,0.0,-98.0,0.0,0,-97,0
1558,-99.0,0,0,0.0,-98.0,0.0,0,-97,0
1559,-99.0,0,0,0.0,-98.0,0.0,0,-97,0
1560,-99.0,0,0,0.0,-98.0,0.0,0,-97,0
1561,-99.0,0,0,0.0,-98.0,0.0,0,-97,0
1562,-99.0,0,0,0.0,-98.0,0.0,0,-97,0
1563,-99.0,0,0,0.0,-98.0,0.0,0,-97,0
1564,-99.0,0,0,0.0,-98.0,0.0,0,-97,0
1565,-99.0,0,0,0.0,-98.0,0.0,0,-97,0
1566,-99.0,0,0,0.0,-98.0,0.0,0,-97,0
1567,-99.0,0,0,0.0,-98.0,0.0,0,-97,0
1568,-99.0,0,0,0.0,-98.0,0.0,0,-97,0
1569,1.127,3,9,0.109,1.127,0.166,5,-97,0
1570,-99.0,0,0,0.0,-98.0,0.0,0,-97,0
1571,-99.0,0,0,0.0,-98.0,0.0,0,-97,0
1572,-99.0,0,0,0.0,-98.0,0.0,0,-97,0
1573,-99.0,0,0,0.0,-98.0,0.0,0,-97,0
1574,-99.0,0,0,0.0,-98.0,0.0,0,-97,0
1575,-99.0,0,0,0.0,-98.0,0.0,0,-97,0
1576,-99.0,0,0,0.0,-98.0,0.0,0,-97,0
1577,-99.0,0,0,0.0,-98.0,0.0,0,-97,0
1578,-99.0,0,0,0.0,-98.0,0.0,0,-97,0
1579,-99.0,0,0,0.0,-98.0,0.0,0,-97,0
1580,-99.0,0,0,0.0,-98.0,0.0,0,-97,0
1581,-99.0,0,0,0.0,-98.0,0.0,0,-97,0
1582,-99.0,0,0,0.0,-98.0,0.0,0,-97,0
1583,-99.0,0,0,0.0,-98.0,0.0,0,-97,0
1584,-99.0,0,0,0.0,-98.0,0.0,0,-97,0
1585,-99.0,0,0,0.0,-98.0,0.0,0,-97,0
1586,-99.0,0,0,0.0,-98.0,0.0,0,-97,0
1587,-99.0,0,0,0.0,-98.0,0.0,0,-97,0
1588,-99.0,0,0,0.0,-98.0,0.0,0,-97,0
1589,-99.0,0,0,0.0,-98.0,0.0,0,-97,0
1590,-99.0,0,0,0.0,-98.0,0.0,0,-97,0
1591,-99.0,0,0,0.0,-98.0,0.0,0,-97,0
1592,-99.0,0,0,0.0,-98.0,0.0,0,-97,0
1593,-99.0,0,0,0.0,-98.0,0.0,0,-97,0
1594,-99.0,0,0,0.0,-98.0,0.0,0,-97,0
1595,-99.0,0,0,0.0,-98.0,0.0,0,-97,0
1596,-99.0,0,0,0.0,-98.0,0.0,0,-97,0
1597,-99.0,0,0,0.0,-98.0,0.0,0,-97,0
1598,-99.0,0,0,0.0,-98.0,0.0,0,-97,0
1599,-99.0,0,0,0.0,-98.0,0.0,0,-97,0
1600,-99.0,0,0,0.0,-98.0,0.0,0,-97,0
1601,-99.0,0,0,0.0,-98.0,0.0,0,-97,0
1602,-99.0,0,0,0.0,-98.0,0.0,0,-97,0
1603,-99.0,0,0,0.0,-98.0,0.0,0,-97,0
1604,-99.0,0,0,0.0,-98.0,0.0,0,-97,0
1605,-99.0,0,0,0.0,-98.0,0.0,0,-97,0
1606,-99.0,0,0,0.0,-98.0,0.0,0,-97,0
1607,-99.0,0,0,0.0,-98.0,0.0,0,-97,0
1608,-99.0,0,0,0.0,-98.0,0.0,0,-97,0
1609,-99.0,0,0,0.0,-98.0,0.0,0,-97,0
1610,-99.0,0,0,0.0,-98.0,0.0,0,-97,0
1611,-99.0,0,0,0.0,-98.0,0.0,0,-97,0
1612,-99.0,0,0,0.0,-98.0,0.0,0,-97,0
1613,-99.0,0,0,0.0,-98.0,0.0,0,-97,0
1614,-99.0,0,0,0.0,-98.0,0.0,0,-97,0
1615,-99.0,0,0,0.0,-98.0,0.0,0,-97,0
1616,-99.0,0,0,0.0,-98.0,0.0,0,-97,0
1617,-99.0,0,0,0.0,-98.0,0.0,0,-97,0
1618,-99.0,0,0,0.0,-98.0,0.0,0,-97,0
1619,-99.0,0,0,0.0,-98.0,0.0,0,-97,0
1620,-99.0,0,0,0.0,-98.0,0.0,0,-97,0
1621,-99.0,0,0,0.0,-98.0,0.0,0,-97,0
1622,-99.0,0,0,0.0,-98.0,0.0,0,-97,0
1623,-99.0,0,0,0.0,-98.0,0.0,0,-97,0
1624,-99.0,0,0,0.0,-98.0,0.0,0,-97,0
1625,-99.0,0,0,0.0,-98.0,0.0,0,-97,0
1626,-99.0,0,0,0.0,-98.0,0.0,0,-97,0
1627,-99.0,0,0,0.0,-98.0,0.0,0,-97,0
1628,-99.0,0,0,0.0,-98.0,0.0,0,-97,0
1629,-99.0,0,0,0.0,-98.0,0.0,0,-97,0
1630,-99.0,0,0,0.0,-98.0,0.0,0,-97,0
1631,-99.0,0,0,0.0,-98.0,0.0,0,-97,0
1632,-99.0,0,0,0.0,-98.0,0.0,0,-97,0
1633,-99.0,0,0,0.0,-98.0,0.0,0,-97,0
1634,-99.0,0,0,0.0,-98.0,0.0,0,-97,0
1635,-99.0,0,0,0.0,-98.0,0.0,0,-97,0
1636,-99.0,0,0,0.0,-98.0,0.0,0,-97,0
1637,-99.0,0,0,0.0,-98.0,0.0,0,-97,0
1638,-99.0,0,0,0.0,-98.0,0.0,0,-97,0
1639,-99.0,0,0,0.0,-98.0,0.0,0,-97,0
1640,-99.0,0,0,0.0,-98.0,0.0,0,-97,0
1641,-99.0,0,0,0.0,-98.0,0.0,0,-97,0
1642,-99.0,0,0,0.0,-98.0,0.0,0,-97,0
1643,-99.0,0,0,0.0,-98.0,0.0,0,-97,0
1644,-99.0,0,0,0.0,-98.0,0.0,0,-97,0
1645,-99.0,0,0,0.0,-98.0,0.0,0,-97,0
1646,1.138,3,9,0.068,1.138,0.34,5,-97,0
1647,-99.0,0,0,0.0,-98.0,0.0,0,-97,0
1648,-99.0,0,0,0.0,-98.0,0.0,0,-97,0
1649,-99.0,0,0,0.0,-98.0,0.0,0,-97,0
1650,-99.0,0,0,0.0,-98.0,0.0,0,-97,0
1651,-99.0,0,0,0.0,-98.0,0.0,0,-97,0
1652,-99.0,0,0,0.0,-98.0,0.0,0,-97,0
1653,-99.0,0,0,0.0,-98.0,0.0,0,-97,0
1654,-99.0,0,0,0.0,-98.0,0.0,0,-97,0
1655,-99.0,0,0,0.0,-98.0,0.0,0,-97,0
1656,-99.0,0,0,0.0,-98.0,0.0,0,-97,0
1657,-99.0,0,0,0.0,-98.0,0.0,0,-97,0
1658,-99.0,0,0,0.0,-98.0,0.0,0,-97,0
1659,-99.0,0,0,0.0,-98.0,0.0,0,-97,0
1660,-99.0,0,0,0.0,-98.0,0.0,0,-97,0
1661,-99.0,0,0,0.0,-98.0,0.0,0,-97,0
1662,-99.0,0,0,0.0,-98.0,0.0,0,-97,0
1663,-99.0,0,0,0.0,-98.0,0.0,0,-97,0
1664,-99.0,0,0,0.0,-98.0,0.0,0,-97,0
1665,-99.0,0,0,0.0,-98.0,0.0,0,-97,0
1666,-99.0,0,0,0.0,-98.0,0.0,0,-97,0
1667,-99.0,0,0,0.0,-98.0,0.0,0,-97,0
1668,-99.0,0,0,0.0,-98.0,0.0,0,-97,0
1669,-99.0,0,0,0.0,-98.0,0.0,0,-97,0
1670,-99.0,0,0,0.0,-98.0,0.0,0,-97,0
1671,-99.0,0,0,0.0,-98.0,0.0,0,-97,0
1672,-99.0,0,0,0.0,-98.0,0.0,0,-97,0
1673,-99.0,0,0,0.0,-98.0,0.0,0,-97,0
1674,-99.0,0,0,0.0,-98.0,0.0,0,-97,0
1675,-99.0,0,0,0.0,-98.0,0.0,0,-97,0
1676,-99.0,0,0,0.0,-98.0,0.0,0,-97,0
1677,-99.0,0,0,0.0,-98.0,0.0,0,-97,0
1678,-99.0,0,0,0.0,-98.0,0.0,0,-97,0
1679,-99.0,0,0,0.0,-98.0,0.0,0,-97,0
1680,-99.0,0,0,0.0,-98.0,0.0,0,-97,0
1681,-99.0,0,0,0.0,-98.0,0.0,0,-97,0
1682,-99.0,0,0,0.0,-98.0,0.0,0,-97,0
1683,-99.0,0,0,0.0,-98.0,0.0,0,-97,0
1684,-99.0,0,0,0.0,-98.0,0.0,0,-97,0
1685,-99.0,0,0,0.0,-98.0,0.0,0,-97,0
1686,-99.0,0,0,0.0,-98.0,0.0,0,-97,0
1687,-99.0,0,0,0.0,-98.0,0.0,0,-97,0
1688,-99.0,0,0,0.0,-98.0,0.0,0,-97,0
1689,-99.0,0,0,0.0,-98.0,0.0,0,-97,0
1690,-99.0,0,0,0.0,-98.0,0.0,0,-97,0
1691,-99.0,0,0,0.0,-98.0,0.0,0,-97,0
1692,-99.0,0,0,0.0,-98.0,0.0,0,-97,0
1693,-99.0,0,0,0.0,-98.0,0.0,0,-97,0
1694,-99.0,0,0,0.0,-98.0,0.0,0,-97,0
1695,-99.0,0,0,0.0,-98.0,0.0,0,-97,0
1696,-99.0,0,0,0.0,-98.0,0.0,0,-97,0
1697,-99.0,0,0,0.0,-98.0,0.0,0,-97,0
1698,-99.0,0,0,0.0,-98.0,0.0,0,-97,0
1699,-99.0,0,0,0.0,-98.0,0.0,0,-97,0
1700,-99.0,0,0,0.0,-98.0,0.0,0,-97,0
1701,-99.0,0,0,0.0,-98.0,0.0,0,-97,0
1702,-99.0,0,0,0.0,-98.0,0.0,0,-97,0
1703,-99.0,0,0,0.0,-98.0,0.0,0,-97,0
1704,-99.0,0,0,0.0,-98.0,0.0,0,-97,0
1705,-99.0,0,0,0.0,-98.0,0.0,0,-97,0
1706,-99.0,0,0,0.0,-98.0,0.0,0,-97,0
1707,-99.0,0,0,0.0,-98.0,0.0,0,-97,0
1708,-99.0,0,0,0.0,-98.0,0.0,0,-97,0
1709,-99.0,0,0,0.0,-98.0,0.0,0,-97,0
1710,-99.0,0,0,0.0,-98.0,0.0,0,-97,0
1711,-99.0,0,0,0.0,-98.0,0.0,0,-97,0
1712,-99.0,0,0,0.0,-98.0,0.0,0,-97,0
1713,-99.0,0,0,0.0,-98.0,0.0,0,-97,0
1714,-99.0,0,0,0.0,-98.0,0.0,0,-97,0
1715,-99.0,0,0,0.0,-98.0,0.0,0,-97,0
1716,-99.0,0,0,0.0,-98.0,0.0,0,-97,0
1717,1.126,3,9,0.055,1.126,0.297,5,-97,0
1718,-99.0,0,0,0.0,-98.0,0.0,0,-97,0
1719,-99.0,0,0,0.0,-98.0,0.0,0,-97,0
1720,-99.0,0,0,0.0,-98.0,0.0,0,-97,0
1721,-99.0,0,0,0.0,-98.0,0.0,0,-97,0
1722,-99.0,0,0,0.0,-98.0,0.0,0,-97,0
1723,-99.0,0,0,0.0,-98.0,0.0,0,-97,0
1724,-99.0,0,0,0.0,-98.0,0.0,0,-97,0
1725,-99.0,0,0,0.0,-98.0,0.0,0,-97,0
1726,-99.0,0,0,0.0,-98.0,0.0,0,-97,0
1727,-99.0,0,0,0.0,-98.0,0.0,0,-97,0
1728,-99.0,0,0,0.0,-98.0,0.0,0,-97,0
1729,-99.0,0,0,0.0,-98.0,0.0,0,-97,0
1730,-99.0,0,0,0.0,-98.0,0.0,0,-97,0
1731,-99.0,0,0,0.0,-98.0,0.0,0,-97,0
1732,-99.0,0,0,0.0,-98.0,0.0,0,-97,0
1733,-99.0,0,0,0.0,-98.0,0.0,0,-97,0
1734,-99.0,0,0,0.0,-98.0,0.0,0,-97,0
1735,-99.0,0,0,0.0,-98.0,0.0,0,-97,0
1736,-99.0,0,0,0.0,-98.0,0.0,0,-97,0
1737,-99.0,0,0,0.0,-98.0,0.0,0,-97,0
1738,-99.0,0,0,0.0,-98.0,0.0,0,-97,0
1739,-99.0,0,0,0.0,-98.0,0.0,0,-97,0
1740,-99.0,0,0,0.0,-98.0,0.0,0,-97,0
1741,-99.0,0,0,0.0,-98.0,0.0,0,-97,0
1742,-99.0,0,0,0.0,-98.0,0.0,0,-97,0
1743,-99.0,0,0,0.0,-98.0,0.0,0,-97,0
1744,-99.0,0,0,0.0,-98.0,0.0,0,-97,0
1745,-99.0,0,0,0.0,-98.0,0.0,0,-97,0
1746,-99.0,0,0,0.0,-98.0,0.0,0,-97,0
1747,-99.0,0,0,0.0,-98.0,0.0,0,-97,0
1748,-99.0,0,0,0.0,-98.0,0.0,0,-97,0
1749,-99.0,0,0,0.0,-98.0,0.0,0,-97,0
1750,-99.0,0,0,0.0,-98.0,0.0,0,-97,0
1751,-99.0,0,0,0.0,-98.0,0.0,0,-97,0
1752,-99.0,0,0,0.0,-98.0,0.0,0,-97,0
1753,-99.0,0,0,0.0,-98.0,0.0,0,-97,0
1754,-99.0,0,0,0.0,-98.0,0.0,0,-97,0
1755,-99.0,0,0,0.0,-98.0,0.0,0,-97,0
1756,-99.0,0,0,0.0,-98.0,0.0,0,-97,0
1757,-99.0,0,0,0.0,-98.0,0.0,0,-97,0
1758,-99.0,0,0,0.0,-98.0,0.0,0,-97,0
1759,-99.0,0,0,0.0,-98.0,0.0,0,-97,0
1760,-99.0,0,0,0.0,-98.0,0.0,0,-97,0
1761,-99.0,0,0,0.0,-98.0,0.0,0,-97,0
1762,-99.0,0,0,0.0,-98.0,0.0,0,-97,0
1763,-99.0,0,0,0.0,-98.0,0.0,0,-97,0
1764,-99.0,0,0,0.0,-98.0,0.0,0,-97,0
1765,-99.0,0,0,0.0,-98.0,0.0,0,-97,0
1766,-99.0,0,0,0.0,-98.0,0.0,0,-97,0
1767,-99.0,0,0,0.0,-98.0,0.0,0,-97,0
1768,-99.0,0,0,0.0,-98.0,0.0,0,-97,0
1769,-99.0,0,0,0.0,-98.0,0.0,0,-97,0
1770,-99.0,0,0,0.0,-98.0,0.0,0,-97,0
1771,-99.0,0,0,0.0,-98.0,0.0,0,-97,0
1772,-99.0,0,0,0.0,-98.0,0.0,0,-97,0
1773,-99.0,0,0,0.0,-98.0,0.0,0,-97,0
1774,-99.0,0,0,0.0,-98.0,0.0,0,-97,0
1775,-99.0,0,0,0.0,-98.0,0.0,0,-97,0
1776,-99.0,0,0,0.0,-98.0,0.0,0,-97,0
1777,-99.0,0,0,0.0,-98.0,0.0,0,-97,0
1778,-99.0,0,0,0.0,-98.0,0.0,0,-97,0
1779,-99.0,0,0,0.0,-98.0,0.0,0,-97,0
1780,-99.0,0,0,0.0,-98.0,0.0,0,-97,0
1781,-99.0,0,0,0.0,-98.0,0.0,0,-97,0
1782,-99.0,0,0,0.0,-98.0,0.0,0,-97,0
1783,-99.0,0,0,0.0,-98.0,0.0,0,-97,0
1784,-99.0,0,0,0.0,-98.0,0.0,0,-97,0
1785,-99.0,0,0,0.0,-98.0,0.0,0,-97,0
1786,-99.0,0,0,0.0,-98.0,0.0,0,-97,0
1787,-99.0,0,0,0.0,-98.0,0.0,0,-97,0
1788,-99.0,0,0,0.0,-98.0,0.0,0,-97,0
1789,-99.0,0,0,0.0,-98.0,0.0,0,-97,0
1790,-99.0,0,0,0.0,-98.0,0.0,0,-97,0
1791,-99.0,0,0,0.0,-98.0,0.0,0,-97,0
1792,-99.0,0,0,0.0,-98.0,0.0,0,-97,0
1793,-99.0,0,0,0.0,-98.0,0.0,0,-97,0
1794,-99.0,0,0,0.0,-98.0,0.0,0,-97,0
1795,-99.0,0,0,0.0,-98.0,0.0,0,-97,0
1796,-99.0,0,0,0.0,-98.0,0.0,0,-97,0
1797,-99.0,0,0,0.0,-98.0,0.0,0,-97,0
1798,-99.0,0,0,0.0,-98.0,0.0,0,-97,0
1799,-99.0,0,0,0.0,-98.0,0.0,0,-97,0
1800,-99.0,0,0,0.0,-98.0,0.0,0,-97,0
1801,-99.0,0,0,0.0,-98.0,0.0,0,-97,0
1802,-99.0,0,0,0.0,-98.0,0.0,0,-97,0
1803,-99.0,0,0,0.0,-98.0,0.0,0,-97,0
1804,-99.0,0,0,0.0,-98.0,0.0,0,-97,0
1805,-99.0,0,0,0.0,-98.0,0.0,0,-97,0
1806,-99.0,0,0,0.0,-98.0,0.0,0,-97,0
1807,-99.0,0,0,0.0,-98.0,0.0,0,-97,0
1808,-99.0,0,0,0.0,-98.0,0.0,0,-97,0
1809,-99.0,0,0,0.0,-98.0,0.0,0,-97,0
1810,-99.0,0,0,0.0,-98.0,0.0,0,-97,0
1811,-99.0,0,0,0.0,-98.0,0.0,0,-97,0
1812,-99.0,0,0,0.0,-98.0,0.0,0,-97,0
1813,-99.0,0,0,0.0,-98.0,0.0,0,-97,0
1814,-99.0,0,0,0.0,-98.0,0.0,0,-97,0
1815,-99.0,0,0,0.0,-98.0,0.0,0,-97,0
1816,-99.0,0,0,0.0,-98.0,0.0,0,-97,0
1817,-99.0,0,0,0.0,-98.0,0.0,0,-97,0
1818,-99.0,0,0,0.0,-98.0,0.0,0,-97,0
1819,-99.0,0,0,0.0,-98.0,0.0,0,-97,0
1820,-99.0,0,0,0.0,-98.0,0.0,0,-97,0
1821,-99.0,0,0,0.0,-98.0,0.0,0,-97,0
1822,-99.0,0,0,0.0,-98.0,0.0,0,-97,0
1823,-99.0,0,0,0.0,-98.0,0.0,0,-97,0
1824,-99.0,0,0,0.0,-98.0,0.0,0,-97,0
1825,-99.0,0,0,0.0,-98.0,0.0,0,-97,0
1826,-99.0,0,0,0.0,-98.0,0.0,0,-97,0
1827,-99.0,0,0,0.0,-98.0,0.0,0,-97,0
1828,-99.0,0,0,0.0,-98.0,0.0,0,-97,0
1829,-99.0,0,0,0.0,-98.0,0.0,0,-97,0
1830,-99.0,0,0,0.0,-98.0,0.0,0,-97,0
1831,-99.0,0,0,0.0,-98.0,0.0,0,-97,0
1832,-99.0,0,0,0.0,-98.0,0.0,0,-97,0
1833,-99.0,0,0,0.0,-98.0,0.0,0,-97,0
1834,-99.0,0,0,0.0,-98.0,0.0,0,-97,0
1835,-99.0,0,0,0.0,-98.0,0.0,0,-97,0
1836,-99.0,0,0,0.0,-98.0,0.0,0,-97,0
1837,-99.0,0,0,0.0,-98.0,0.0,0,-97,0
1838,-99.0,0,0,0.0,-98.0,0.0,0,-97,0
1839,-99.0,0,0,0.0,-98.0,0.0,0,-97,0
1840,-99.0,0,0,0.0,-98.0,0.0,0,-97,0
1841,-99.0,0,0,0.0,-98.0,0.0,0,-97,0
1842,-99.0,0,0,0.0,-98.0,0.0,0,-97,0
1843,-99.0,0,0,0.0,-98.0,0.0,0,-97,0
1844,-99.0,0,0,0.0,-98.0,0.0,0,-97,0
1845,-99.0,0,0,0.0,-98.0,0.0,0,-97,0
1846,-99.0,0,0,0.0,-98.0,0.0,0,-97,0
1847,-99.0,0,0,0.0,-98.0,0.0,0,-97,0
1848,-99.0,0,0,0.0,-98.0,0.0,0,-97,0
1849,-99.0,0,0,0.0,-98.0,0.0,0,-97,0
1850,-99.0,0,0,0.0,-98.0,0.0,0,-97,0
1851,-99.0,0,0,0.0,-98.0,0.0,0,-97,0
1852,-99.0,0,0,0.0,-98.0,0.0,0,-97,0
1853,-99.0,0,0,0.0,-98.0,0.0,0,-97,0
1854,-99.0,0,0,0.0,-98.0,0.0,0,-97,0
1855,-99.0,0,0,0.0,-98.0,0.0,0,-97,0
1856,-99.0,0,0,0.0,-98.0,0.0,0,-97,0
1857,-99.0,0,0,0.0,-98.0,0.0,0,-97,0
1858,-99.0,0,0,0.0,-98.0,0.0,0,-97,0
1859,-99.0,0,0,0.0,-98.0,0.0,0,-97,0
1860,-99.0,0,0,0.0,-98.0,0.0,0,-97,0
1861,-99.0,0,0,0.0,-98.0,0.0,0,-97,0
1862,-99.0,0,0,0.0,-98.0,0.0,0,-97,0
1863,-99.0,0,0,0.0,-98.0,0.0,0,-97,0
1864,-99.0,0,0,0.0,-98.0,0.0,0,-97,0
1865,-99.0,0,0,0.0,-98.0,0.0,0,-97,0
1866,-99.0,0,0,0.0,-98.0,0.0,0,-97,0
1867,-99.0,0,0,0.0,-98.0,0.0,0,-97,0
1868,-99.0,0,0,0.0,-98.0,0.0,0,-97,0
1869,-99.0,0,0,0.0,-98.0,0.0,0,-97,0
1870,-99.0,0,0,0.0,-98.0,0.0,0,-97,0
1871,-99.0,0,0,0.0,-98.0,0.0,0,-97,0
1872,-99.0,0,0,0.0,-98.0,0.0,0,-97,0
1873,-99.0,0,0,0.0,-98.0,0.0,0,-97,0
1874,-99.0,0,0,0.0,-98.0,0.0,0,-97,0
1875,-99.0,0,0,0.0,-98.0,0.0,0,-97,0
1876,-99.0,0,0,0.0,-98.0,0.0,0,-97,0
1877,-99.0,0,0,0.0,-98.0,0.0,0,-97,0
1878,-99.0,0,0,0.0,-98.0,0.0,0,-97,0
1879,-99.0,0,0,0.0,-98.0,0.0,0,-97,0
1880,1.133,3,9,0.247,1.133,0.277,5,-97,0
1881,-99.0,0,0,0.0,-98.0,0.0,0,-97,0
1882,-99.0,0,0,0.0,-98.0,0.0,0,-97,0
1883,-99.0,0,0,0.0,-98.0,0.0,0,-97,0
1884,-99.0,0,0,0.0,-98.0,0.0,0,-97,0
1885,-99.0,0,0,0.0,-98.0,0.0,0,-97,0
1886,-99.0,0,0,0.0,-98.0,0.0,0,-97,0
1887,-99.0,0,0,0.0,-98.0,0.0,0,-97,0
1888,-99.0,0,0,0.0,-98.0,0.0,0,-97,0
1889,-99.0,0,0,0.0,-98.0,0.0,0,-97,0
1890,-99.0,0,0,0.0,-98.0,0.0,0,-97,0
1891,-99.0,0,0,0.0,-98.0,0.0,0,-97,0
1892,-99.0,0,0,0.0,-98.0,0.0,0,-97,0
1893,-99.0,0,0,0.0,-98.0,0.0,0,-97,0
1894,-99.0,0,0,0.0,-98.0,0.0,0,-97,0
1895,-99.0,0,0,0.0,-98.0,0.0,0,-97,0
1896,-99.0,0,0,0.0,-98.0,0.0,0,-97,0
1897,-99.0,0,0,0.0,-98.0,0.0,0,-97,0
1898,-99.0,0,0,0.0,-98.0,0.0,0,-97,0
1899,-99.0,0,0,0.0,-98.0,0.0,0,-97,0
1900,-99.0,0,0,0.0,-98.0,0.0,0,-97,0
1901,-99.0,0,0,0.0,-98.0,0.0,0,-97,0
1902,-99.0,0,0,0.0,-98.0,0.0,0,-97,0
1903,-99.0,0,0,0.0,-98.0,0.0,0,-97,0
1904,-99.0,0,0,0.0,-98.0,0.0,0,-97,0
1905,-99.0,0,0,0.0,-98.0,0.0,0,-97,0
1906,-99.0,0,0,0.0,-98.0,0.0,0,-97,0
1907,-99.0,0,0,0.0,-98.0,0.0,0,-97,0
1908,-99.0,0,0,0.0,-98.0,0.0,0,-97,0
1909,-99.0,0,0,0.0,-98.0,0.0,0,-97,0
1910,-99.0,0,0,0.0,-98.0,0.0,0,-97,0
1911,-99.0,0,0,0.0,-98.0,0.0,0,-97,0
1912,-99.0,0,0,0.0,-98.0,0.0,0,-97,0
1913,-99.0,0,0,0.0,-98.0,0.0,0,-97,0
1914,-99.0,0,0,0.0,-98.0,0.0,0,-97,0
1915,-99.0,0,0,0.0,-98.0,0.0,0,-97,0
1916,-99.0,0,0,0.0,-98.0,0.0,0,-97,0
1917,-99.0,0,0,0.0,-98.0,0.0,0,-97,0
1918,-99.0,0,0,0.0,-98.0,0.0,0,-97,0
1919,-99.0,0,0,0.0,-98.0,0.0,0,-97,0
1920,-99.0,0,0,0.0,-98.0,0.0,0,-97,0
1921,-99.0,0,0,0.0,-98.0,0.0,0,-97,0
1922,-99.0,0,0,0.0,-98.0,0.0,0,-97,0
1923,-99.0,0,0,0.0,-98.0,0.0,0,-97,0
1924,-99.0,0,0,0.0,-98.0,0.0,0,-97,0
1925,-99.0,0,0,0.0,-98.0,0.0,0,-97,0
1926,-99.0,0,0,0.0,-98.0,0.0,0,-97,0
1927,-99.0,0,0,0.0,-98.0,0.0,0,-97,0
1928,-99.0,0,0,0.0,-98.0,0.0,0,-97,0
1929,-99.0,0,0,0.0,-98.0,0.0,0,-97,0
1930,-99.0,0,0,0.0,-98.0,0.0,0,-97,0
1931,-99.0,0,0,0.0,-98.0,0.0,0,-97,0
1932,-99.0,0,0,0.0,-98.0,0.0,0,-97,0
1933,-99.0,0,0,0.0,-98.0,0.0,0,-97,0
1934,-99.0,0,0,0.0,-98.0,0.0,0,-97,0
1935,-99.0,0,0,0.0,-98.0,0.0,0,-97,0
1936,-99.0,0,0,0.0,-98.0,0.0,0,-97,0
1937,-99.0,0,0,0.0,-98.0,0.0,0,-97,0
1938,-99.0,0,0,0.0,-98.0,0.0,0,-97,0
1939,-99.0,0,0,0.0,-98.0,0.0,0,-97,0
1940,-99.0,0,0,0.0,-98.0,0.0,0,-97,0
1941,-99.0,0,0,0.0,-98.0,0.0,0,-97,0
1942,-99.0,0,0,0.0,-98.0,0.0,0,-97,0
1943,-99.0,0,0,0.0,-98.0,0.0,0,-97,0
1944,-99.0,0,0,0.0,-98.0,0.0,0,-97,0
1945,-99.0,0,0,0.0,-98.0,0.0,0,-97,0
1946,-99.0,0,0,0.0,-98.0,0.0,0,-97,0
1947,-99.0,0,0,0.0,-98.0,0.0,0,-97,0
1948,-99.0,0,0,0.0,-98.0,0.0,0,-97,0
1949,-99.0,0,0,0.0,-98.0,0.0,0,-97,0
1950,-99.0,0,0,0.0,-98.0,0.0,0,-97,0
1951,-99.0,0,0,0.0,-98.0,0.0,0,-97,0
1952,-99.0,0,0,0.0,-98.0,0.0,0,-97,0
1953,-99.0,0,0,0.0,-98.0,0.0,0,-97,0
1954,-99.0,0,0,0.0,-98.0,0.0,0,-97,0
1955,-99.0,0,0,0.0,-98.0,0.0,0,-97,0
1956,-99.0,0,0,0.0,-98.0,0.0,0,-97,0
1957,-99.0,0,0,0.0,-98.0,0.0,0,-97,0
1958,-99.0,0,0,0.0,-98.0,0.0,0,-97,0
1959,-99.0,0,0,0.0,-98.0,0.0,0,-97,0
1960,-99.0,0,0,0.0,-98.0,0.0,0,-97,0
1961,-99.0,0,0,0.0,-98.0,0.0,0,-97,0
1962,-99.0,0,0,0.0,-98.0,0.0,0,-97,0
1963,-99.0,0,0,0.0,-98.0,0.0,0,-97,0
1964,-99.0,0,0,0.0,-98.0,0.0,0,-97,0
1965,-99.0,0,0,0.0,-98.0,0.0,0,-97,0
1966,-99.0,0,0,0.0,-98.0,0.0,0,-97,0
1967,-99.0,0,0,0.0,-98.0,0.0,0,-97,0
1968,-99.0,0,0,0.0,-98.0,0.0,0,-97,0
1969,-99.0,0,0,0.0,-98.0,0.0,0,-97,0
1970,-99.0,0,0,0.0,-98.0,0.0,0,-97,0
1971,-99.0,0,0,0.0,-98.0,0.0,0,-97,0
1972,-99.0,0,0,0.0,-98.0,0.0,0,-97,0
1973,-99.0,0,0,0.0,-98.0,0.0,0,-97,0
1974,-99.0,0,0,0.0,-98.0,0.0,0,-97,0
1975,-99.0,0,0,0.0,-98.0,0.0,0,-97,0
1976,-99.0,0,0,0.0,-98.0,0.0,0,-97,0
1977,-99.0,0,0,0.0,-98.0,0.0,0,-97,0
1978,-99.0,0,0,0.0,-98.0,0.0,0,-97,0
1979,-99.0,0,0,0.0,-98.0,0.0,0,-97,0
1980,-99.0,0,0,0.0,-98.0,0.0,0,-97,0
1981,-99.0,0,0,0.0,-98.0,0.0,0,-97,0
1982,-99.0,0,0,0.0,-98.0,0.0,0,-97,0
1983,-99.0,0,0,0.0,-98.0,0.0,0,-97,0
1984,-99.0,0,0,0.0,-98.0,0.0,0,-97,0
1985,-99.0,0,0,0.0,-98.0,0.0,0,-97,0
1986,-99.0,0,0,0.0,-98.0,0.0,0,-97,0
1987,-99.0,0,0,0.0,-98.0,0.0,0,-97,0
1988,-99.0,0,0,0.0,-98.0,0.0,0,-97,0
1989,-99.0,0,0,0.0,-98.0,0.0,0,-97,0
1990,-99.0,0,0,0.0,-98.0,0.0,0,-97,0
1991,-99.0,0,0,0.0,-98.0,0.0,0,-97,0
1992,-99.0,0,0,0.0,-98.0,0.0,0,-97,0
1993,-99.0,0,0,0.0,-98.0,0.0,0,-97,0
1994,-99.0,0,0,0.0,-98.0,0.0,0,-97,0
1995,-99.0,0,0,0.0,-98.0,0.0,0,-97,0
1996,-99.0,0,0,0.0,-98.0,0.0,0,-97,0
1997,-99.0,0,0,0.0,-98.0,0.0,0,-97,0
1998,-99.0,0,0,0.0,-98.0,0.0,0,-97,0
1999,-99.0,0,0,0.0,-98.0,0.0,0,-97,0
2000,-99.0,0,0,0.0,-98.0,0.0,0,-97,0
2001,-99.0,0,0,0.0,-98.0,0.0,0,-97,0
2002,-99.0,0,0,0.0,-98.0,0.0,0,-97,0
2003,-99.0,0,0,0.0,-98.0,0.0,0,-97,0
2004,-99.0,0,0,0.0,-98.0,0.0,0,-97,0
2005,-99.0,0,0,0.0,-98.0,0.0,0,-97,0
2006,-99.0,0,0,0.0,-98.0,0.0,0,-97,0
2007,-99.0,0,0,0.0,-98.0,0.0,0,-97,0
2008,-99.0,0,0,0.0,-98.0,0.0,0,-97,0
2009,-99.0,0,0,0.0,-98.0,0.0,0,-97,0
2010,-99.0,0,0,0.0,-98.0,0.0,0,-97,0
2011,-99.0,0,0,0.0,-98.0,0.0,0,-97,0
2012,-99.0,0,0,0.0,-98.0,0.0,0,-97,0
2013,-99.0,0,0,0.0,-98.0,0.0,0,-97,0
2014,-99.0,0,0,0.0,-98.0,0.0,0,-97,0
2015,-99.0,0,0,0.0,-98.0,0.0,0,-97,0
2016,-99.0,0,0,0.0,-98.0,0.0,0,-97,0
2017,-99.0,0,0,0.0,-98.0,0.0,0,-97,0
2018,-99.0,0,0,0.0,-98.0,0.0,0,-97,0
2019,-99.0,0,0,0.0,-98.0,0.0,0,-97,0
2020,-99.0,0,0,0.0,-98.0,0.0,0,-97,0
2021,-99.0,0,0,0.0,-98.0,0.0,0,-97,0
2022,-99.0,0,0,0.0,-98.0,0.0,0,-97,0
2023,-99.0,0,0,0.0,-98.0,0.0,0,-97,0
2024,-99.0,0,0,0.0,-98.0,0.0,0,-97,0
2025,-99.0,0,0,0.0,-98.0,0.0,0,-97,0
2026,-99.0,0,0,0.0,-98.0,0.0,0,-97,0
2027,-99.0,0,0,0.0,-98.0,0.0,0,-97,0
2028,-99.0,0,0,0.0,-98.0,0.0,0,-97,0
2029,-99.0,0,0,0.0,-98.0,0.0,0,-97,0
2030,-99.0,0,0,0.0,-98.0,0.0,0,-97,0
2031,-99.0,0,0,0.0,-98.0,0.0,0,-97,0
2032,-99.0,0,0,0.0,-98.0,0.0,0,-97,0
2033,-99.0,0,0,0.0,-98.0,0.0,0,-97,0
2034,-99.0,0,0,0.0,-98.0,0.0,0,-97,0
2035,-99.0,0,0,0.0,-98.0,0.0,0,-97,0
2036,-99.0,0,0,0.0,-98.0,0.0,0,-97,0
2037,-99.0,0,0,0.0,-98.0,0.0,0,-97,0
2038,-99.0,0,0,0.0,-98.0,0.0,0,-97,0
2039,-99.0,0,0,0.0,-98.0,0.0,0,-97,0
2040,-99.0,0,0,0.0,-98.0,0.0,0,-97,0
2041,-99.0,0,0,0.0,-98.0,0.0,0,-97,0
2042,-99.0,0,0,0.0,-98.0,0.0,0,-97,0
2043,-99.0,0,0,0.0,-98.0,0.0,0,-97,0
2044,-99.0,0,0,0.0,-98.0,0.0,0,-97,0
2045,-99.0,0,0,0.0,-98.0,0.0,0,-97,0
2046,-99.0,0,0,0.0,-98.0,0.0,0,-97,0
2047,-99.0,0,0,0.0,-98.0,0.0,0,-97,0
2048,-99.0,0,0,0.0,-98.0,0.0,0,-97,0
2049,-99.0,0,0,0.0,-98.0,0.0,0,-97,0
2050,-99.0,0,0,0.0,-98.0,0.0,0,-97,0
2051,-99.0,0,0,0.0,-98.0,0.0,0,-97,0
2052,-99.0,0,0,0.0,-98.0,0.0,0,-97,0
2053,-99.0,0,0,0.0,-98.0,0.0,0,-97,0
2054,-99.0,0,0,0.0,-98.0,0.0,0,-97,0
2055,-99.0,0,0,0.0,-98.0,0.0,0,-97,0
2056,-99.0,0,0,0.0,-98.0,0.0,0,-97,0
2057,-99.0,0,0,0.0,-98.0,0.0,0,-97,0
2058,-99.0,0,0,0.0,-98.0,0.0,0,-97,0
2059,-99.0,0,0,0.0,-98.0,0.0,0,-97,0
2060,-99.0,0,0,0.0,-98.0,0.0,0,-97,0
2061,-99.0,0,0,0.0,-98.0,0.0,0,-97,0
2062,-99.0,0,0,0.0,-98.0,0.0,0,-97,0
2063,-99.0,0,0,0.0,-98.0,0.0,0,-97,0
2064,-99.0,0,0,0.0,-98.0,0.0,0,-97,0
2065,-99.0,0,0,0.0,-98.0,0.0,0,-97,0
2066,-99.0,0,0,0.0,-98.0,0.0,0,-97,0
2067,-99.0,0,0,0.0,-98.0,0.0,0,-97,0
2068,-99.0,0,0,0.0,-98.0,0.0,0,-97,0
2069,-99.0,0,0,0.0,-98.0,0.0,0,-97,0
2070,-99.0,0,0,0.0,-98.0,0.0,0,-97,0
2071,-99.0,0,0,0.0,-98.0,0.0,0,-97,0
2072,-99.0,0,0,0.0,-98.0,0.0,0,-97,0
2073,-99.0,0,0,0.0,-98.0,0.0,0,-97,0
2074,-99.0,0,0,0.0,-98.0,0.0,0,-97,0
2075,-99.0,0,0,0.0,-98.0,0.0,0,-97,0
2076,-99.0,0,0,0.0,-98.0,0.0,0,-97,0
2077,-99.0,0,0,0.0,-98.0,0.0,0,-97,0
2078,-99.0,0,0,0.0,-98.0,0.0,0,-97,0
2079,-99.0,0,0,0.0,-98.0,0.0,0,-97,0
2080,-99.0,0,0,0.0,-98.0,0.0,0,-97,0
2081,-99.0,0,0,0.0,-98.0,0.0,0,-97,0
2082,-99.0,0,0,0.0,-98.0,0.0,0,-97,0
2083,-99.0,0,0,0.0,-98.0,0.0,0,-97,0
2084,-99.0,0,0,0.0,-98.0,0.0,0,-97,0
2085,-99.0,0,0,0.0,-98.0,0.0,0,-97,0
2086,-99.0,0,0,0.0,-98.0,0.0,0,-97,0
2087,-99.0,0,0,0.0,-98.0,0.0,0,-97,0
2088,-99.0,0,0,0.0,-98.0,0.0,0,-97,0
2089,-99.0,0,0,0.0,-98.0,0.0,0,-97,0
2090,-99.0,0,0,0.0,-98.0,0.0,0,-97,0
2091,-99.0,0,0,0.0,-98.0,0.0,0,-97,0
2092,-99.0,0,0,0.0,-98.0,0.0,0,-97,0
2093,-99.0,0,0,0.0,-98.0,0.0,0,-97,0
2094,-99.0,0,0,0.0,-98.0,0.0,0,-97,0
2095,-99.0,0,0,0.0,-98.0,0.0,0,-97,0
2096,-99.0,0,0,0.0,-98.0,0.0,0,-97,0
2097,-99.0,0,0,0.0,-98.0,0.0,0,-97,0
2098,-99.0,0,0,0.0,-98.0,0.0,0,-97,0
2099,-99.0,0,0,0.0,-98.0,0.0,0,-97,0
2100,-99.0,0,0,0.0,-98.0,0.0,0,-97,0
2101,-99.0,0,0,0.0,-98.0,0.0,0,-97,0
2102,-99.0,0,0,0.0,-98.0,0.0,0,-97,0
2103,-99.0,0,0,0.0,-98.0,0.0,0,-97,0
2104,-99.0,0,0,0.0,-98.0,0.0,0,-97,0
2105,-99.0,0,0,0.0,-98.0,0.0,0,-97,0
2106,-99.0,0,0,0.0,-98.0,0.0,0,-97,0
2107,-99.0,0,0,0.0,-98.0,0.0,0,-97,0
2108,-99.0,0,0,0.0,-98.0,0.0,0,-97,0
2109,-99.0,0,0,0.0,-98.0,0.0,0,-97,0
2110,-99.0,0,0,0.0,-98.0,0.0,0,-97,0
2111,-99.0,0,0,0.0,-98.0,0.0,0,-97,0
2112,-99.0,0,0,0.0,-98.0,0.0,0,-97,0
2113,-99.0,0,0,0.0,-98.0,0.0,0,-97,0
2114,-99.0,0,0,0.0,-98.0,0.0,0,-97,0
2115,-99.0,0,0,0.0,-98.0,0.0,0,-97,0
2116,-99.0,0,0,0.0,-98.0,0.0,0,-97,0
2117,-99.0,0,0,0.0,-98.0,0.0,0,-97,0
2118,-99.0,0,0,0.0,-98.0,0.0,0,-97,0
2119,-99.0,0,0,0.0,-98.0,0.0,0,-97,0
2120,-99.0,0,0,0.0,-98.0,0.0,0,-97,0
2121,-99.0,0,0,0.0,-98.0,0.0,0,-97,0
2122,-99.0,0,0,0.0,-98.0,0.0,0,-97,0
2123,-99.0,0,0,0.0,-98.0,0.0,0,-97,0
2124,-99.0,0,0,0.0,-98.0,0.0,0,-97,0
2125,-99.0,0,0,0.0,-98.0,0.0,0,-97,0
2126,-99.0,0,0,0.0,-98.0,0.0,0,-97,0
2127,-99.0,0,0,0.0,-98.0,0.0,0,-97,0
2128,-99.0,0,0,0.0,-98.0,0.0,0,-97,0
2129,-99.0,0,0,0.0,-98.0,0.0,0,-97,0
2130,-99.0,0,0,0.0,-98.0,0.0,0,-97,0
2131,-99.0,0,0,0.0,-98.0,0.0,0,-97,0
2132,-99.0,0,0,0.0,-98.0,0.0,0,-97,0
2133,-99.0,0,0,0.0,-98.0,0.0,0,-97,0
2134,-99.0,0,0,0.0,-98.0,0.0,0,-97,0
2135,-99.0,0,0,0.0,-98.0,0.0,0,-97,0
2136,-99.0,0,0,0.0,-98.0,0.0,0,-97,0
2137,-99.0,0,0,0.0,-98.0,0.0,0,-97,0
2138,-99.0,0,0,0.0,-98.0,0.0,0,-97,0
2139,-99.0,0,0,0.0,-98.0,0.0,0,-97,0
2140,-99.0,0,0,0.0,-98.0,0.0,0,-97,0
2141,-99.0,0,0,0.0,-98.0,0.0,0,-97,0
2142,-99.0,0,0,0.0,-98.0,0.0,0,-97,0
2143,-99.0,0,0,0.0,-98.0,0.0,0,-97,0
2144,-99.0,0,0,0.0,-98.0,0.0,0,-97,0
2145,-99.0,0,0,0.0,-98.0,0.0,0,-97,0
2146,-99.0,0,0,0.0,-98.0,0.0,0,-97,0
2147,-99.0,0,0,0.0,-98.0,0.0,0,-97,0
2148,-99.0,0,0,0.0,-98.0,0.0,0,-97,0
2149,-99.0,0,0,0.0,-98.0,0.0,0,-97,0
2150,-99.0,0,0,0.0,-98.0,0.0,0,-97,0
2151,-99.0,0,0,0.0,-98.0,0.0,0,-97,0
2152,-99.0,0,0,0.0,-98.0,0.0,0,-97,0
2153,-99.0,0,0,0.0,-98.0,0.0,0,-97,0
2154,-99.0,0,0,0.0,-98.0,0.0,0,-97,0
2155,-99.0,0,0,0.0,-98.0,0.0,0,-97,0
2156,-99.0,0,0,0.0,-98.0,0.0,0,-97,0
2157,-99.0,0,0,0.0,-98.0,0.0,0,-97,0
2158,-99.0,0,0,0.0,-98.0,0.0,0,-97,0
2159,-99.0,0,0,0.0,-98.0,0.0,0,-97,0
2160,-99.0,0,0,0.0,-98.0,0.0,0,-97,0
2161,-99.0,0,0,0.0,-98.0,0.0,0,-97,0
2162,-99.0,0,0,0.0,-98.0,0.0,0,-97,0
2163,-99.0,0,0,0.0,-98.0,0.0,0,-97,0
2164,-99.0,0,0,0.0,-98.0,0.0,0,-97,0
2165,-99.0,0,0,0.0,-98.0,0.0,0,-97,0
2166,-99.0,0,0,0.0,-98.0,0.0,0,-97,0
2167,-99.0,0,0,0.0,-98.0,0.0,0,-97,0
2168,-99.0,0,0,0.0,-98.0,0.0,0,-97,0
2169,-99.0,0,0,0.0,-98.0,0.0,0,-97,0
2170,-99.0,0,0,0.0,-98.0,0.0,0,-97,0
2171,-99.0,0,0,0.0,-98.0,0.0,0,-97,0
2172,-99.0,0,0,0.0,-98.0,0.0,0,-97,0
2173,-99.0,0,0,0.0,-98.0,0.0,0,-97,0
2174,-99.0,0,0,0.0,-98.0,0.0,0,-97,0
2175,-99.0,0,0,0.0,-98.0,0.0,0,-97,0
2176,-99.0,0,0,0.0,-98.0,0.0,0,-97,0
2177,-99.0,0,0,0.0,-98.0,0.0,0,-97,0
2178,-99.0,0,0,0.0,-98.0,0.0,0,-97,0
2179,-99.0,0,0,0.0,-98.0,0.0,0,-97,0
2180,-99.0,0,0,0.0,-98.0,0.0,0,-97,0
2181,-99.0,0,0,0.0,-98.0,0.0,0,-97,0
2182,-99.0,0,0,0.0,-98.0,0.0,0,-97,0
2183,-99.0,0,0,0.0,-98.0,0.0,0,-97,0
2184,-99.0,0,0,0.0,-98.0,0.0,0,-97,0
2185,-99.0,0,0,0.0,-98.0,0.0,0,-97,0
2186,-99.0,0,0,0.0,-98.0,0.0,0,-97,0
2187,-99.0,0,0,0.0,-98.0,0.0,0,-97,0
2188,-99.0,0,0,0.0,-98.0,0.0,0,-97,0
2189,-99.0,0,0,0.0,-98.0,0.0,0,-97,0
2190,-99.0,0,0,0.0,-98.0,0.0,0,-97,0
2191,-99.0,0,0,0.0,-98.0,0.0,0,-97,0
2192,-99.0,0,0,0.0,-98.0,0.0,0,-97,0
2193,-99.0,0,0,0.0,-98.0,0.0,0,-97,0
2194,-99.0,0,0,0.0,-98.0,0.0,0,-97,0
2195,-99.0,0,0,0.0,-98.0,0.0,0,-97,0
2196,-99.0,0,0,0.0,-98.0,0.0,0,-97,0
2197,-99.0,0,0,0.0,-98.0,0.0,0,-97,0
2198,-99.0,0,0,0.0,-98.0,0.0,0,-97,0
2199,-99.0,0,0,0.0,-98.0,0.0,0,-97,0
2200,-99.0,0,0,0.0,-98.0,0.0,0,-97,0
2201,-99.0,0,0,0.0,-98.0,0.0,0,-97,0
2202,-99.0,0,0,0.0,-98.0,0.0,0,-97,0
2203,-99.0,0,0,0.0,-98.0,0.0,0,-97,0
2204,-99.0,0,0,0.0,-98.0,0.0,0,-97,0
2205,-99.0,0,0,0.0,-98.0,0.0,0,-97,0
2206,-99.0,0,0,0.0,-98.0,0.0,0,-97,0
2207,-99.0,0,0,0.0,-98.0,0.0,0,-97,0
2208,-99.0,0,0,0.0,-98.0,0.0,0,-97,0
2209,-99.0,0,0,0.0,-98.0,0.0,0,-97,0
2210,-99.0,0,0,0.0,-98.0,0.0,0,-97,0
2211,-99.0,0,0,0.0,-98.0,0.0,0,-97,0
2212,-99.0,0,0,0.0,-98.0,0.0,0,-97,0
2213,-99.0,0,0,0.0,-98.0,0.0,0,-97,0
2214,-99.0,0,0,0.0,-98.0,0.0,0,-97,0
2215,-99.0,0,0,0.0,-98.0,0.0,0,-97,0
2216,-99.0,0,0,0.0,-98.0,0.0,0,-97,0
2217,-99.0,0,0,0.0,-98.0,0.0,0,-97,0
2218,-99.0,0,0,0.0,-98.0,0.0,0,-97,0
2219,-99.0,0,0,0.0,-98.0,0.0,0,-97,0
2220,-99.0,0,0,0.0,-98.0,0.0,0,-97,0
2221,-99.0,0,0,0.0,-98.0,0.0,0,-97,0
2222,-99.0,0,0,0.0,-98.0,0.0,0,-97,0
2223,-99.0,0,0,0.0,-98.0,0.0,0,-97,0
2224,-99.0,0,0,0.0,-98.0,0.0,0,-97,0
2225,-99.0,0,0,0.0,-98.0,0.0,0,-97,0
2226,-99.0,0,0,0.0,-98.0,0.0,0,-97,0
2227,-99.0,0,0,0.0,-98.0,0.0,0,-97,0
2228,-99.0,0,0,0.0,-98.0,0.0,0,-97,0
2229,-99.0,0,0,0.0,-98.0,0.0,0,-97,0
2230,-99.0,0,0,0.0,-98.0,0.0,0,-97,0
2231,-99.0,0,0,0.0,-98.0,0.0,0,-97,0
2232,-99.0,0,0,0.0,-98.0,0.0,0,-97,0
2233,-99.0,0,0,0.0,-98.0,0.0,0,-97,0
2234,-99.0,0,0,0.0,-98.0,0.0,0,-97,0
2235,-99.0,0,0,0.0,-98.0,0.0,0,-97,0
2236,-99.0,0,0,0.0,-98.0,0.0,0,-97,0
2237,-99.0,0,0,0.0,-98.0,0.0,0,-97,0
2238,-99.0,0,0,0.0,-98.0,0.0,0,-97,0
2239,-99.0,0,0,0.0,-98.0,0.0,0,-97,0
2240,-99.0,0,0,0.0,-98.0,0.0,0,-97,0
2241,-99.0,0,0,0.0,-98.0,0.0,0,-97,0
2242,-99.0,0,0,0.0,-98.0,0.0,0,-97,0
2243,-99.0,0,0,0.0,-98.0,0.0,0,-97,0
2244,-99.0,0,0,0.0,-98.0,0.0,0,-97,0
2245,-99.0,0,0,0.0,-98.0,0.0,0,-97,0
2246,-99.0,0,0,0.0,-98.0,0.0,0,-97,0
2247,-99.0,0,0,0.0,-98.0,0.0,0,-97,0
2248,-99.0,0,0,0.0,-98.0,0.0,0,-97,0
2249,-99.0,0,0,0.0,-98.0,0.0,0,-97,0
2250,-99.0,0,0,0.0,-98.0,0.0,0,-97,0
2251,-99.0,0,0,0.0,-98.0,0.0,0,-97,0
2252,-99.0,0,0,0.0,-98.0,0.0,0,-97,0
2253,-99.0,0,0,0.0,-98.0,0.0,0,-97,0
2254,-99.0,0,0,0.0,-98.0,0.0,0,-97,0
2255,-99.0,0,0,0.0,-98.0,0.0,0,-97,0
2256,-99.0,0,0,0.0,-98.0,0.0,0,-97,0
2257,-99.0,0,0,0.0,-98.0,0.0,0,-97,0
2258,-99.0,0,0,0.0,-98.0,0.0,0,-97,0
2259,-99.0,0,0,0.0,-98.0,0.0,0,-97,0
2260,-99.0,0,0,0.0,-98.0,0.0,0,-97,0
2261,-99.0,0,0,0.0,-98.0,0.0,0,-97,0
2262,-99.0,0,0,0.0,-98.0,0.0,0,-97,0
2263,-99.0,0,0,0.0,-98.0,0.0,0,-97,0
2264,-99.0,0,0,0.0,-98.0,0.0,0,-97,0
2265,-99.0,0,0,0.0,-98.0,0.0,0,-97,0
2266,-99.0,0,0,0.0,-98.0,0.0,0,-97,0
2267,-99.0,0,0,0.0,-98.0,0.0,0,-97,0
2268,-99.0,0,0,0.0,-98.0,0.0,0,-97,0
2269,-99.0,0,0,0.0,-98.0,0.0,0,-97,0
2270,-99.0,0,0,0.0,-98.0,0.0,0,-97,0
2271,-99.0,0,0,0.0,-98.0,0.0,0,-97,0
2272,-99.0,0,0,0.0,-98.0,0.0,0,-97,0
2273,-99.0,0,0,0.0,-98.0,0.0,0,-97,0
2274,-99.0,0,0,0.0,-98.0,0.0,0,-97,0
2275,-99.0,0,0,0.0,-98.0,0.0,0,-97,0
2276,-99.0,0,0,0.0,-98.0,0.0,0,-97,0
2277,-99.0,0,0,0.0,-98.0,0.0,0,-97,0
2278,-99.0,0,0,0.0,-98.0,0.0,0,-97,0
2279,-99.0,0,0,0.0,-98.0,0.0,0,-97,0
2280,-99.0,0,0,0.0,-98.0,0.0,0,-97,0
2281,-99.0,0,0,0.0,-98.0,0.0,0,-97,0
2282,-99.0,0,0,0.0,-98.0,0.0,0,-97,0
2283,-99.0,0,0,0.0,-98.0,0.0,0,-97,0
2284,-99.0,0,0,0.0,-98.0,0.0,0,-97,0
2285,-99.0,0,0,0.0,-98.0,0.0,0,-97,0
2286,-99.0,0,0,0.0,-98.0,0.0,0,-97,0
2287,-99.0,0,0,0.0,-98.0,0.0,0,-97,0
2288,-99.0,0,0,0.0,-98.0,0.0,0,-97,0
2289,-99.0,0,0,0.0,-98.0,0.0,0,-97,0
2290,-99.0,0,0,0.0,-98.0,0.0,0,-97,0
2291,-99.0,0,0,0.0,-98.0,0.0,0,-97,0
2292,-99.0,0,0,0.0,-98.0,0.0,0,-97,0
2293,-99.0,0,0,0.0,-98.0,0.0,0,-97,0
2294,-99.0,0,0,0.0,-98.0,0.0,0,-97,0
2295,-99.0,0,0,0.0,-98.0,0.0,0,-97,0
2296,-99.0,0,0,0.0,-98.0,0.0,0,-97,0
2297,-99.0,0,0,0.0,-98.0,0.0,0,-97,0
2298,-99.0,0,0,0.0,-98.0,0.0,0,-97,0
2299,-99.0,0,0,0.0,-98.0,0.0,0,-97,0
2300,-99.0,0,0,0.0,-98.0,0.0,0,-97,0
2301,-99.0,0,0,0.0,-98.0,0.0,0,-97,0
2302,-99.0,0,0,0.0,-98.0,0.0,0,-97,0
2303,-99.0,0,0,0.0,-98.0,0.0,0,-97,0
2304,-99.0,0,0,0.0,-98.0,0.0,0,-97,0
2305,-99.0,0,0,0.0,-98.0,0.0,0,-97,0
2306,-99.0,0,0,0.0,-98.0,0.0,0,-97,0
2307,-99.0,0,0,0.0,-98.0,0.0,0,-97,0
2308,-99.0,0,0,0.0,-98.0,0.0,0,-97,0
2309,-99.0,0,0,0.0,-98.0,0.0,0,-97,0
2310,-99.0,0,0,0.0,-98.0,0.0,0,-97,0
2311,-99.0,0,0,0.0,-98.0,0.0,0,-97,0
2312,-99.0,0,0,0.0,-98.0,0.0,0,-97,0
2313,-99.0,0,0,0.0,-98.0,0.0,0,-97,0
2314,-99.0,0,0,0.0,-98.0,0.0,0,-97,0
2315,-99.0,0,0,0.0,-98.0,0.0,0,-97,0
2316,-99.0,0,0,0.0,-98.0,0.0,0,-97,0
2317,-99.0,0,0,0.0,-98.0,0.0,0,-97,0
2318,-99.0,0,0,0.0,-98.0,0.0,0,-97,0
2319,-99.0,0,0,0.0,-98.0,0.0,0,-97,0
2320,-99.0,0,0,0.0,-98.0,0.0,0,-97,0
2321,-99.0,0,0,0.0,-98.0,0.0,0,-97,0
2322,-99.0,0,0,0.0,-98.0,0.0,0,-97,0
2323,-99.0,0,0,0.0,-98.0,0.0,0,-97,0
2324,-99.0,0,0,0.0,-98.0,0.0,0,-97,0
2325,-99.0,0,0,0.0,-98.0,0.0,0,-97,0
2326,-99.0,0,0,0.0,-98.0,0.0,0,-97,0
2327,-99.0,0,0,0.0,-98.0,0.0,0,-97,0
2328,-99.0,0,0,0.0,-98.0,0.0,0,-97,0
2329,-99.0,0,0,0.0,-98.0,0.0,0,-97,0
2330,-99.0,0,0,0.0,-98.0,0.0,0,-97,0
2331,-99.0,0,0,0.0,-98.0,0.0,0,-97,0
2332,-99.0,0,0,0.0,-98.0,0.0,0,-97,0
2333,-99.0,0,0,0.0,-98.0,0.0,0,-97,0
2334,-99.0,0,0,0.0,-98.0,0.0,0,-97,0
2335,-99.0,0,0,0.0,-98.0,0.0,0,-97,0
2336,-99.0,0,0,0.0,-98.0,0.0,0,-97,0
2337,-99.0,0,0,0.0,-98.0,0.0,0,-97,0
2338,-99.0,0,0,0.0,-98.0,0.0,0,-97,0
2339,-99.0,0,0,0.0,-98.0,0.0,0,-97,0
2340,-99.0,0,0,0.0,-98.0,0.0,0,-97,0
2341,-99.0,0,0,0.0,-98.0,0.0,0,-97,0
2342,-99.0,0,0,0.0,-98.0,0.0,0,-97,0
2343,-99.0,0,0,0.0,-98.0,0.0,0,-97,0
2344,-99.0,0,0,0.0,-98.0,0.0,0,-97,0
2345,-99.0,0,0,0.0,-98.0,0.0,0,-97,0
2346,-99.0,0,0,0.0,-98.0,0.0,0,-97,0
2347,-99.0,0,0,0.0,-98.0,0.0,0,-97,0
2348,-99.0,0,0,0.0,-98.0,0.0,0,-97,0
2349,-99.0,0,0,0.0,-98.0,0.0,0,-97,0
2350,-99.0,0,0,0.0,-98.0,0.0,0,-97,0
2351,-99.0,0,0,0.0,-98.0,0.0,0,-97,0
2352,-99.0,0,0,0.0,-98.0,0.0,0,-97,0
2353,-99.0,0,0,0.0,-98.0,0.0,0,-97,0
2354,-99.0,0,0,0.0,-98.0,0.0,0,-97,0
2355,-99.0,0,0,0.0,-98.0,0.0,0,-97,0
2356,-99.0,0,0,0.0,-98.0,0.0,0,-97,0
2357,-99.0,0,0,0.0,-98.0,0.0,0,-97,0
2358,-99.0,0,0,0.0,-98.0,0.0,0,-97,0
2359,-99.0,0,0,0.0,-98.0,0.0,0,-97,0
2360,-99.0,0,0,0.0,-98.0,0.0,0,-97,0
2361,-99.0,0,0,0.0,-98.0,0.0,0,-97,0
2362,-99.0,0,0,0.0,-98.0,0.0,0,-97,0
2363,-99.0,0,0,0.0,-98.0,0.0,0,-97,0
2364,-99.0,0,0,0.0,-98.0,0.0,0,-97,0
2365,-99.0,0,0,0.0,-98.0,0.0,0,-97,0
2366,-99.0,0,0,0.0,-98.0,0.0,0,-97,0
2367,-99.0,0,0,0.0,-98.0,0.0,0,-97,0
2368,-99.0,0,0,0.0,-98.0,0.0,0,-97,0
2369,-99.0,0,0,0.0,-98.0,0.0,0,-97,0
2370,-99.0,0,0,0.0,-98.0,0.0,0,-97,0
2371,-99.0,0,0,0.0,-98.0,0.0,0,-97,0
2372,-99.0,0,0,0.0,-98.0,0.0,0,-97,0
2373,-99.0,0,0,0.0,-98.0,0.0,0,-97,0
2374,-99.0,0,0,0.0,-98.0,0.0,0,-97,0
2375,-99.0,0,0,0.0,-98.0,0.0,0,-97,0
2376,-99.0,0,0,0.0,-98.0,0.0,0,-97,0
2377,-99.0,0,0,0.0,-98.0,0.0,0,-97,0
2378,-99.0,0,0,0.0,-98.0,0.0,0,-97,0
2379,-99.0,0,0,0.0,-98.0,0.0,0,-97,0
2380,-99.0,0,0,0.0,-98.0,0.0,0,-97,0
2381,-99.0,0,0,0.0,-98.0,0.0,0,-97,0
2382,-99.0,0,0,0.0,-98.0,0.0,0,-97,0
2383,-99.0,0,0,0.0,-98.0,0.0,0,-97,0
2384,-99.0,0,0,0.0,-98.0,0.0,0,-97,0
2385,-99.0,0,0,0.0,-98.0,0.0,0,-97,0
2386,-99.0,0,0,0.0,-98.0,0.0,0,-97,0
2387,-99.0,0,0,0.0,-98.0,0.0,0,-97,0
2388,-99.0,0,0,0.0,-98.0,0.0,0,-97,0
2389,-99.0,0,0,0.0,-98.0,0.0,0,-97,0
2390,-99.0,0,0,0.0,-98.0,0.0,0,-97,0
2391,-99.0,0,0,0.0,-98.0,0.0,0,-97,0
2392,-99.0,0,0,0.0,-98.0,0.0,0,-97,0
2393,-99.0,0,0,0.0,-98.0,0.0,0,-97,0
2394,-99.0,0,0,0.0,-98.0,0.0,0,-97,0
2395,-99.0,0,0,0.0,-98.0,0.0,0,-97,0
2396,-99.0,0,0,0.0,-98.0,0.0,0,-97,0
2397,-99.0,0,0,0.0,-98.0,0.0,0,-97,0
2398,-99.0,0,0,0.0,-98.0,0.0,0,-97,0
2399,-99.0,0,0,0.0,-98.0,0.0,0,-97,0
2400,-99.0,0,0,0.0,-98.0,0.0,0,-97,0
2401,-99.0,0,0,0.0,-98.0,0.0,0,-97,0
2402,-99.0,0,0,0.0,-98.0,0.0,0,-97,0
2403,-99.0,0,0,0.0,-98.0,0.0,0,-97,0
2404,-99.0,0,0,0.0,-98.0,0.0,0,-97,0
2405,-99.0,0,0,0.0,-98.0,0.0,0,-97,0
2406,-99.0,0,0,0.0,-98.0,0.0,0,-97,0
2407,-99.0,0,0,0.0,-98.0,0.0,0,-97,0
2408,-99.0,0,0,0.0,-98.0,0.0,0,-97,0
2409,-99.0,0,0,0.0,-98.0,0.0,0,-97,0
2410,-99.0,0,0,0.0,-98.0,0.0,0,-97,0
2411,-99.0,0,0,0.0,-98.0,0.0,0,-97,0
2412,-99.0,0,0,0.0,-98.0,0.0,0,-97,0
2413,-99.0,0,0,0.0,-98.0,0.0,0,-97,0
2414,-99.0,0,0,0.0,-98.0,0.0,0,-97,0
2415,-99.0,0,0,0.0,-98.0,0.0,0,-97,0
2416,-99.0,0,0,0.0,-98.0,0.0,0,-97,0
2417,-99.0,0,0,0.0,-98.0,0.0,0,-97,0
2418,-99.0,0,0,0.0,-98.0,0.0,0,-97,0
2419,-99.0,0,0,0.0,-98.0,0.0,0,-97,0
2420,-99.0,0,0,0.0,-98.0,0.0,0,-97,0
2421,-99.0,0,0,0.0,-98.0,0.0,0,-97,0
2422,-99.0,0,0,0.0,-98.0,0.0,0,-97,0
2423,-99.0,0,0,0.0,-98.0,0.0,0,-97,0
2424,-99.0,0,0,0.0,-98.0,0.0,0,-97,0
2425,-99.0,0,0,0.0,-98.0,0.0,0,-97,0
2426,-99.0,0,0,0.0,-98.0,0.0,0,-97,0
2427,-99.0,0,0,0.0,-98.0,0.0,0,-97,0
2428,-99.0,0,0,0.0,-98.0,0.0,0,-97,0
2429,-99.0,0,0,0.0,-98.0,0.0,0,-97,0
2430,-99.0,0,0,0.0,-98.0,0.0,0,-97,0
2431,-99.0,0,0,0.0,-98.0,0.0,0,-97,0
2432,-99.0,0,0,0.0,-98.0,0.0,0,-97,0
2433,-99.0,0,0,0.0,-98.0,0.0,0,-97,0
2434,-99.0,0,0,0.0,-98.0,0.0,0,-97,0
2435,-99.0,0,0,0.0,-98.0,0.0,0,-97,0
2436,-99.0,0,0,0.0,-98.0,0.0,0,-97,0
2437,-99.0,0,0,0.0,-98.0,0.0,0,-97,0
2438,-99.0,0,0,0.0,-98.0,0.0,0,-97,0
2439,-99.0,0,0,0.0,-98.0,0.0,0,-97,0
2440,-99.0,0,0,0.0,-98.0,0.0,0,-97,0
2441,-99.0,0,0,0.0,-98.0,0.0,0,-97,0
2442,-99.0,0,0,0.0,-98.0,0.0,0,-97,0
2443,-99.0,0,0,0.0,-98.0,0.0,0,-97,0
2444,-99.0,0,0,0.0,-98.0,0.0,0,-97,0
2445,-99.0,0,0,0.0,-98.0,0.0,0,-97,0
2446,-99.0,0,0,0.0,-98.0,0.0,0,-97,0
2447,-99.0,0,0,0.0,-98.0,0.0,0,-97,0
2448,-99.0,0,0,0.0,-98.0,0.0,0,-97,0
2449,-99.0,0,0,0.0,-98.0,0.0,0,-97,0
2450,-99.0,0,0,0.0,-98.0,0.0,0,-97,0
2451,-99.0,0,0,0.0,-98.0,0.0,0,-97,0
2452,-99.0,0,0,0.0,-98.0,0.0,0,-97,0
2453,-99.0,0,0,0.0,-98.0,0.0,0,-97,0
2454,-99.0,0,0,0.0,-98.0,0.0,0,-97,0
2455,-99.0,0,0,0.0,-98.0,0.0,0,-97,0
2456,-99.0,0,0,0.0,-98.0,0.0,0,-97,0
2457,-99.0,0,0,0.0,-98.0,0.0,0,-97,0
2458,-99.0,0,0,0.0,-98.0,0.0,0,-97,0
2459,-99.0,0,0,0.0,-98.0,0.0,0,-97,0
2460,-99.0,0,0,0.0,-98.0,0.0,0,-97,0
2461,-99.0,0,0,0.0,-98.0,0.0,0,-97,0
2462,-99.0,0,0,0.0,-98.0,0.0,0,-97,0
2463,-99.0,0,0,0.0,-98.0,0.0,0,-97,0
2464,-99.0,0,0,0.0,-98.0,0.0,0,-97,0
2465,-99.0,0,0,0.0,-98.0,0.0,0,-97,0
2466,-99.0,0,0,0.0,-98.0,0.0,0,-97,0
2467,-99.0,0,0,0.0,-98.0,0.0,0,-97,0
2468,-99.0,0,0,0.0,-98.0,0.0,0,-97,0
2469,-99.0,0,0,0.0,-98.0,0.0,0,-97,0
2470,-99.0,0,0,0.0,-98.0,0.0,0,-97,0
2471,-99.0,0,0,0.0,-98.0,0.0,0,-97,0
2472,-99.0,0,0,0.0,-98.0,0.0,0,-97,0
2473,-99.0,0,0,0.0,-98.0,0.0,0,-97,0
2474,-99.0,0,0,0.0,-98.0,0.0,0,-97,0
2475,-99.0,0,0,0.0,-98.0,0.0,0,-97,0
2476,-99.0,0,0,0.0,-98.0,0.0,0,-97,0
2477,-99.0,0,0,0.0,-98.0,0.0,0,-97,0
2478,-99.0,0,0,0.0,-98.0,0.0,0,-97,0
2479,-99.0,0,0,0.0,-98.0,0.0,0,-97,0
2480,-99.0,0,0,0.0,-98.0,0.0,0,-97,0
2481,-99.0,0,0,0.0,-98.0,0.0,0,-97,0
2482,-99.0,0,0,0.0,-98.0,0.0,0,-97,0
2483,-99.0,0,0,0.0,-98.0,0.0,0,-97,0
2484,-99.0,0,0,0.0,-98.0,0.0,0,-97,0
2485,-99.0,0,0,0.0,-98.0,0.0,0,-97,0
2486,-99.0,0,0,0.0,-98.0,0.0,0,-97,0
2487,-99.0,0,0,0.0,-98.0,0.0,0,-97,0
2488,-99.0,0,0,0.0,-98.0,0.0,0,-97,0
2489,-99.0,0,0,0.0,-98.0,0.0,0,-97,0
2490,-99.0,0,0,0.0,-98.0,0.0,0,-97,0
2491,-99.0,0,0,0.0,-98.0,0.0,0,-97,0
2492,-99.0,0,0,0.0,-98.0,0.0,0,-97,0
2493,-99.0,0,0,0.0,-98.0,0.0,0,-97,0
2494,-99.0,0,0,0.0,-98.0,0.0,0,-97,0
2495,-99.0,0,0,0.0,-98.0,0.0,0,-97,0
2496,-99.0,0,0,0.0,-98.0,0.0,0,-97,0
2497,-99.0,0,0,0.0,-98.0,0.0,0,-97,0
2498,-99.0,0,0,0.0,-98.0,0.0,0,-97,0
2499,-99.0,0,0,0.0,-98.0,0.0,0,-97,0
2500,-99.0,0,0,0.0,-98.0,0.0,0,-97,0
2501,-99.0,0,0,0.0,-98.0,0.0,0,-97,0
2502,-99.0,0,0,0.0,-98.0,0.0,0,-97,0
2503,-99.0,0,0,0.0,-98.0,0.0,0,-97,0
2504,-99.0,0,0,0.0,-98.0,0.0,0,-97,0
2505,-99.0,0,0,0.0,-98.0,0.0,0,-97,0
2506,-99.0,0,0,0.0,-98.0,0.0,0,-97,0
2507,-99.0,0,0,0.0,-98.0,0.0,0,-97,0
2508,-99.0,0,0,0.0,-98.0,0.0,0,-97,0
2509,-99.0,0,0,0.0,-98.0,0.0,0,-97,0
2510,-99.0,0,0,0.0,-98.0,0.0,0,-97,0
2511,-99.0,0,0,0.0,-98.0,0.0,0,-97,0
2512,-99.0,0,0,0.0,-98.0,0.0,0,-97,0
2513,-99.0,0,0,0.0,-98.0,0.0,0,-97,0
2514,-99.0,0,0,0.0,-98.0,0.0,0,-97,0
2515,-99.0,0,0,0.0,-98.0,0.0,0,-97,0
2516,-99.0,0,0,0.0,-98.0,0.0,0,-97,0
2517,-99.0,0,0,0.0,-98.0,0.0,0,-97,0
2518,-99.0,0,0,0.0,-98.0,0.0,0,-97,0
2519,-99.0,0,0,0.0,-98.0,0.0,0,-97,0
2520,-99.0,0,0,0.0,-98.0,0.0,0,-97,0
2521,-99.0,0,0,0.0,-98.0,0.0,0,-97,0
2522,-99.0,0,0,0.0,-98.0,0.0,0,-97,0
2523,-99.0,0,0,0.0,-98.0,0.0,0,-97,0
2524,-99.0,0,0,0.0,-98.0,0.0,0,-97,0
2525,-99.0,0,0,0.0,-98.0,0.0,0,-97,0
2526,-99.0,0,0,0.0,-98.0,0.0,0,-97,0
2527,-99.0,0,0,0.0,-98.0,0.0,0,-97,0
2528,-99.0,0,0,0.0,-98.0,0.0,0,-97,0
2529,-99.0,0,0,0.0,-98.0,0.0,0,-97,0
2530,-99.0,0,0,0.0,-98.0,0.0,0,-97,0
2531,-99.0,0,0,0.0,-98.0,0.0,0,-97,0
2532,-99.0,0,0,0.0,-98.0,0.0,0,-97,0
2533,-99.0,0,0,0.0,-98.0,0.0,0,-97,0
2534,-99.0,0,0,0.0,-98.0,0.0,0,-97,0
2535,-99.0,0,0,0.0,-98.0,0.0,0,-97,0
2536,-99.0,0,0,0.0,-98.0,0.0,0,-97,0
2537,-99.0,0,0,0.0,-98.0,0.0,0,-97,0
2538,-99.0,0,0,0.0,-98.0,0.0,0,-97,0
2539,-99.0,0,0,0.0,-98.0,0.0,0,-97,0
2540,-99.0,0,0,0.0,-98.0,0.0,0,-97,0
2541,-99.0,0,0,0.0,-98.0,0.0,0,-97,0
2542,-99.0,0,0,0.0,-98.0,0.0,0,-97,0
2543,-99.0,0,0,0.0,-98.0,0.0,0,-97,0
2544,-99.0,0,0,0.0,-98.0,0.0,0,-97,0
2545,-99.0,0,0,0.0,-98.0,0.0,0,-97,0
2546,-99.0,0,0,0.0,-98.0,0.0,0,-97,0
2547,-99.0,0,0,0.0,-98.0,0.0,0,-97,0
2548,-99.0,0,0,0.0,-98.0,0.0,0,-97,0
2549,-99.0,0,0,0.0,-98.0,0.0,0,-97,0
2550,-99.0,0,0,0.0,-98.0,0.0,0,-97,0
2551,-99.0,0,0,0.0,-98.0,0.0,0,-97,0
2552,-99.0,0,0,0.0,-98.0,0.0,0,-97,0
2553,-99.0,0,0,0.0,-98.0,0.0,0,-97,0
2554,-99.0,0,0,0.0,-98.0,0.0,0,-97,0
2555,-99.0,0,0,0.0,-98.0,0.0,0,-97,0
2556,-99.0,0,0,0.0,-98.0,0.0,0,-97,0
2557,-99.0,0,0,0.0,-98.0,0.0,0,-97,0
2558,-99.0,0,0,0.0,-98.0,0.0,0,-97,0
2559,-99.0,0,0,0.0,-98.0,0.0,0,-97,0
2560,-99.0,0,0,0.0,-98.0,0.0,0,-97,0
2561,-99.0,0,0,0.0,-98.0,0.0,0,-97,0
2562,-99.0,0,0,0.0,-98.0,0.0,0,-97,0
2563,-99.0,0,0,0.0,-98.0,0.0,0,-97,0
2564,-99.0,0,0,0.0,-98.0,0.0,0,-97,0
2565,-99.0,0,0,0.0,-98.0,0.0,0,-97,0
2566,-99.0,0,0,0.0,-98.0,0.0,0,-97,0
2567,-99.0,0,0,0.0,-98.0,0.0,0,-97,0
2568,-99.0,0,0,0.0,-98.0,0.0,0,-97,0
2569,-99.0,0,0,0.0,-98.0,0.0,0,-97,0
2570,-99.0,0,0,0.0,-98.0,0.0,0,-97,0
2571,-99.0,0,0,0.0,-98.0,0.0,0,-97,0
2572,-99.0,0,0,0.0,-98.0,0.0,0,-97,0
2573,-99.0,0,0,0.0,-98.0,0.0,0,-97,0
2574,-99.0,0,0,0.0,-98.0,0.0,0,-97,0
2575,-99.0,0,0,0.0,-98.0,0.0,0,-97,0
2576,-99.0,0,0,0.0,-98.0,0.0,0,-97,0
2577,-99.0,0,0,0.0,-98.0,0.0,0,-97,0
2578,-99.0,0,0,0.0,-98.0,0.0,0,-97,0
2579,-99.0,0,0,0.0,-98.0,0.0,0,-97,0
2580,-99.0,0,0,0.0,-98.0,0.0,0,-97,0
2581,-99.0,0,0,0.0,-98.0,0.0,0,-97,0
2582,-99.0,0,0,0.0,-98.0,0.0,0,-97,0
2583,-99.0,0,0,0.0,-98.0,0.0,0,-97,0
2584,-99.0,0,0,0.0,-98.0,0.0,0,-97,0
2585,-99.0,0,0,0.0,-98.0,0.0,0,-97,0
2586,-99.0,0,0,0.0,-98.0,0.0,0,-97,0
2587,-99.0,0,0,0.0,-98.0,0.0,0,-97,0
2588,-99.0,0,0,0.0,-98.0,0.0,0,-97,0
2589,-99.0,0,0,0.0,-98.0,0.0,0,-97,0
2590,-99.0,0,0,0.0,-98.0,0.0,0,-97,0
2591,-99.0,0,0,0.0,-98.0,0.0,0,-97,0
2592,-99.0,0,0,0.0,-98.0,0.0,0,-97,0
2593,-99.0,0,0,0.0,-98.0,0.0,0,-97,0
2594,-99.0,0,0,0.0,-98.0,0.0,0,-97,0
2595,-99.0,0,0,0.0,-98.0,0.0,0,-97,0
2596,-99.0,0,0,0.0,-98.0,0.0,0,-97,0
2597,-99.0,0,0,0.0,-98.0,0.0,0,-97,0
2598,-99.0,0,0,0.0,-98.0,0.0,0,-97,0
2599,-99.0,0,0,0.0,-98.0,0.0,0,-97,0
2600,-99.0,0,0,0.0,-98.0,0.0,0,-97,0
2601,-99.0,0,0,0.0,-98.0,0.0,0,-97,0
2602,-99.0,0,0,0.0,-98.0,0.0,0,-97,0
2603,-99.0,0,0,0.0,-98.0,0.0,0,-97,0
2604,-99.0,0,0,0.0,-98.0,0.0,0,-97,0
2605,-99.0,0,0,0.0,-98.0,0.0,0,-97,0
2606,-99.0,0,0,0.0,-98.0,0.0,0,-97,0
2607,-99.0,0,0,0.0,-98.0,0.0,0,-97,0
2608,-99.0,0,0,0.0,-98.0,0.0,0,-97,0
2609,-99.0,0,0,0.0,-98.0,0.0,0,-97,0
2610,-99.0,0,0,0.0,-98.0,0.0,0,-97,0
2611,-99.0,0,0,0.0,-98.0,0.0,0,-97,0
2612,-99.0,0,0,0.0,-98.0,0.0,0,-97,0
2613,-99.0,0,0,0.0,-98.0,0.0,0,-97,0
2614,-99.0,0,0,0.0,-98.0,0.0,0,-97,0
2615,-99.0,0,0,0.0,-98.0,0.0,0,-97,0
2616,-99.0,0,0,0.0,-98.0,0.0,0,-97,0
2617,-99.0,0,0,0.0,-98.0,0.0,0,-97,0
2618,-99.0,0,0,0.0,-98.0,0.0,0,-97,0
2619,-99.0,0,0,0.0,-98.0,0.0,0,-97,0
2620,-99.0,0,0,0.0,-98.0,0.0,0,-97,0
2621,-99.0,0,0,0.0,-98.0,0.0,0,-97,0
2622,-99.0,0,0,0.0,-98.0,0.0,0,-97,0
2623,-99.0,0,0,0.0,-98.0,0.0,0,-97,0
2624,-99.0,0,0,0.0,-98.0,0.0,0,-97,0
2625,-99.0,0,0,0.0,-98.0,0.0,0,-97,0
2626,-99.0,0,0,0.0,-98.0,0.0,0,-97,0
2627,-99.0,0,0,0.0,-98.0,0.0,0,-97,0
2628,-99.0,0,0,0.0,-98.0,0.0,0,-97,0
2629,-99.0,0,0,0.0,-98.0,0.0,0,-97,0
2630,-99.0,0,0,0.0,-98.0,0.0,0,-97,0
2631,-99.0,0,0,0.0,-98.0,0.0,0,-97,0
2632,-99.0,0,0,0.0,-98.0,0.0,0,-97,0
2633,-99.0,0,0,0.0,-98.0,0.0,0,-97,0
2634,-99.0,0,0,0.0,-98.0,0.0,0,-97,0
2635,-99.0,0,0,0.0,-98.0,0.0,0,-97,0
2636,-99.0,0,0,0.0,-98.0,0.0,0,-97,0
2637,-99.0,0,0,0.0,-98.0,0.0,0,-97,0
2638,-99.0,0,0,0.0,-98.0,0.0,0,-97,0
2639,-99.0,0,0,0.0,-98.0,0.0,0,-97,0
2640,-99.0,0,0,0.0,-98.0,0.0,0,-97,0
2641,-99.0,0,0,0.0,-98.0,0.0,0,-97,0
2642,-99.0,0,0,0.0,-98.0,0.0,0,-97,0
2643,-99.0,0,0,0.0,-98.0,0.0,0,-97,0
2644,-99.0,0,0,0.0,-98.0,0.0,0,-97,0
2645,-99.0,0,0,0.0,-98.0,0.0,0,-97,0
2646,-99.0,0,0,0.0,-98.0,0.0,0,-97,0
2647,-99.0,0,0,0.0,-98.0,0.0,0,-97,0
2648,-99.0,0,0,0.0,-98.0,0.0,0,-97,0
2649,-99.0,0,0,0.0,-98.0,0.0,0,-97,0
2650,-99.0,0,0,0.0,-98.0,0.0,0,-97,0
2651,-99.0,0,0,0.0,-98.0,0.0,0,-97,0
2652,-99.0,0,0,0.0,-98.0,0.0,0,-97,0
2653,-99.0,0,0,0.0,-98.0,0.0,0,-97,0
2654,-99.0,0,0,0.0,-98.0,0.0,0,-97,0
2655,-99.0,0,0,0.0,-98.0,0.0,0,-97,0
2656,-99.0,0,0,0.0,-98.0,0.0,0,-97,0
2657,-99.0,0,0,0.0,-98.0,0.0,0,-97,0
2658,-99.0,0,0,0.0,-98.0,0.0,0,-97,0
2659,-99.0,0,0,0.0,-98.0,0.0,0,-97,0
2660,-99.0,0,0,0.0,-98.0,0.0,0,-97,0
2661,-99.0,0,0,0.0,-98.0,0.0,0,-97,0
2662,-99.0,0,0,0.0,-98.0,0.0,0,-97,0
2663,-99.0,0,0,0.0,-98.0,0.0,0,-97,0
2664,-99.0,0,0,0.0,-98.0,0.0,0,-97,0
2665,-99.0,0,0,0.0,-98.0,0.0,0,-97,0
2666,-99.0,0,0,0.0,-98.0,0.0,0,-97,0
2667,-99.0,0,0,0.0,-98.0,0.0,0,-97,0
2668,-99.0,0,0,0.0,-98.0,0.0,0,-97,0
2669,-99.0,0,0,0.0,-98.0,0.0,0,-97,0
2670,-99.0,0,0,0.0,-98.0,0.0,0,-97,0
2671,-99.0,0,0,0.0,-98.0,0.0,0,-97,0
2672,-99.0,0,0,0.0,-98.0,0.0,0,-97,0
2673,-99.0,0,0,0.0,-98.0,0.0,0,-97,0
2674,-99.0,0,0,0.0,-98.0,0.0,0,-97,0
2675,-99.0,0,0,0.0,-98.0,0.0,0,-97,0
2676,-99.0,0,0,0.0,-98.0,0.0,0,-97,0
2677,-99.0,0,0,0.0,-98.0,0.0,0,-97,0
2678,-99.0,0,0,0.0,-98.0,0.0,0,-97,0
2679,-99.0,0,0,0.0,-98.0,0.0,0,-97,0
2680,-99.0,0,0,0.0,-98.0,0.0,0,-97,0
2681,-99.0,0,0,0.0,-98.0,0.0,0,-97,0
2682,-99.0,0,0,0.0,-98.0,0.0,0,-97,0
2683,-99.0,0,0,0.0,-98.0,0.0,0,-97,0
2684,-99.0,0,0,0.0,-98.0,0.0,0,-97,0
2685,-99.0,0,0,0.0,-98.0,0.0,0,-97,0
2686,-99.0,0,0,0.0,-98.0,0.0,0,-97,0
2687,-99.0,0,0,0.0,-98.0,0.0,0,-97,0
2688,-99.0,0,0,0.0,-98.0,0.0,0,-97,0
2689,-99.0,0,0,0.0,-98.0,0.0,0,-97,0
2690,-99.0,0,0,0.0,-98.0,0.0,0,-97,0
2691,-99.0,0,0,0.0,-98.0,0.0,0,-97,0
2692,-99.0,0,0,0.0,-98.0,0.0,0,-97,0
2693,-99.0,0,0,0.0,-98.0,0.0,0,-97,0
2694,-99.0,0,0,0.0,-98.0,0.0,0,-97,0
2695,-99.0,0,0,0.0,-98.0,0.0,0,-97,0
2696,-99.0,0,0,0.0,-98.0,0.0,0,-97,0
2697,-99.0,0,0,0.0,-98.0,0.0,0,-97,0
2698,-99.0,0,0,0.0,-98.0,0.0,0,-97,0
2699,-99.0,0,0,0.0,-98.0,0.0,0,-97,0
2700,-99.0,0,0,0.0,-98.0,0.0,0,-97,0
2701,-99.0,0,0,0.0,-98.0,0.0,0,-97,0
2702,-99.0,0,0,0.0,-98.0,0.0,0,-97,0
2703,-99.0,0,0,0.0,-98.0,0.0,0,-97,0
2704,-99.0,0,0,0.0,-98.0,0.0,0,-97,0
2705,-99.0,0,0,0.0,-98.0,0.0,0,-97,0
2706,-99.0,0,0,0.0,-98.0,0.0,0,-97,0
2707,-99.0,0,0,0.0,-98.0,0.0,0,-97,0
2708,1.123,3,9,0.215,-98.0,0.0,0,-97,0
2709,-99.0,0,0,0.0,-98.0,0.0,0,-97,0
2710,-99.0,0,0,0.0,-98.0,0.0,0,-97,0
2711,-99.0,0,0,0.0,-98.0,0.0,0,-97,0
2712,-99.0,0,0,0.0,-98.0,0.0,0,-97,0
2713,-99.0,0,0,0.0,-98.0,0.0,0,-97,0
2714,-99.0,0,0,0.0,-98.0,0.0,0,-97,0
2715,-99.0,0,0,0.0,-98.0,0.0,0,-97,0
2716,-99.0,0,0,0.0,-98.0,0.0,0,-97,0
2717,-99.0,0,0,0.0,-98.0,0.0,0,-97,0
2718,-99.0,0,0,0.0,-98.0,0.0,0,-97,0
2719,-99.0,0,0,0.0,-98.0,0.0,0,-97,0
2720,-99.0,0,0,0.0,-98.0,0.0,0,-97,0
2721,-99.0,0,0,0.0,-98.0,0.0,0,-97,0
2722,-99.0,0,0,0.0,-98.0,0.0,0,-97,0
2723,-99.0,0,0,0.0,-98.0,0.0,0,-97,0
2724,-99.0,0,0,0.0,-98.0,0.0,0,-97,0
2725,-99.0,0,0,0.0,-98.0,0.0,0,-97,0
2726,-99.0,0,0,0.0,-98.0,0.0,0,-97,0
2727,-99.0,0,0,0.0,-98.0,0.0,0,-97,0
2728,-99.0,0,0,0.0,-98.0,0.0,0,-97,0
2729,-99.0,0,0,0.0,-98.0,0.0,0,-97,0
2730,-99.0,0,0,0.0,-98.0,0.0,0,-97,0
2731,-99.0,0,0,0.0,-98.0,0.0,0,-97,0
2732,-99.0,0,0,0.0,-98.0,0.0,0,-97,0
2733,-99.0,0,0,0.0,-98.0,0.0,0,-97,0
2734,-99.0,0,0,0.0,-98.0,0.0,0,-97,0
2735,-99.0,0,0,0.0,-98.0,0.0,0,-97,0
2736,-99.0,0,0,0.0,-98.0,0.0,0,-97,0
2737,-99.0,0,0,0.0,-98.0,0.0,0,-97,0
2738,-99.0,0,0,0.0,-98.0,0.0,0,-97,0
2739,-99.0,0,0,0.0,-98.0,0.0,0,-97,0
2740,-99.0,0,0,0.0,-98.0,0.0,0,-97,0
2741,-99.0,0,0,0.0,-98.0,0.0,0,-97,0
2742,-99.0,0,0,0.0,-98.0,0.0,0,-97,0
2743,-99.0,0,0,0.0,-98.0,0.0,0,-97,0
2744,-99.0,0,0,0.0,-98.0,0.0,0,-97,0
2745,-99.0,0,0,0.0,-98.0,0.0,0,-97,0
2746,-99.0,0,0,0.0,-98.0,0.0,0,-97,0
2747,-99.0,0,0,0.0,-98.0,0.0,0,-97,0
2748,-99.0,0,0,0.0,-98.0,0.0,0,-97,0
2749,-99.0,0,0,0.0,-98.0,0.0,0,-97,0
2750,-99.0,0,0,0.0,-98.0,0.0,0,-97,0
2751,-99.0,0,0,0.0,-98.0,0.0,0,-97,0
2752,-99.0,0,0,0.0,-98.0,0.0,0,-97,0
2753,-99.0,0,0,0.0,-98.0,0.0,0,-97,0
2754,-99.0,0,0,0.0,-98.0,0.0,0,-97,0
2755,-99.0,0,0,0.0,-98.0,0.0,0,-97,0
2756,-99.0,0,0,0.0,-98.0,0.0,0,-97,0
2757,-99.0,0,0,0.0,-98.0,0.0,0,-97,0
2758,-99.0,0,0,0.0,-98.0,0.0,0,-97,0
2759,-99.0,0,0,0.0,-98.0,0.0,0,-97,0
2760,1.138,3,9,0.196,1.138,0.223,5,-97,0
2761,-99.0,0,0,0.0,-98.0,0.0,0,-97,0
2762,-99.0,0,0,0.0,-98.0,0.0,0,-97,0
2763,-99.0,0,0,0.0,-98.0,0.0,0,-97,0
2764,-99.0,0,0,0.0,-98.0,0.0,0,-97,0
2765,-99.0,0,0,0.0,-98.0,0.0,0,-97,0
2766,-99.0,0,0,0.0,-98.0,0.0,0,-97,0
2767,-99.0,0,0,0.0,-98.0,0.0,0,-97,0
2768,-99.0,0,0,0.0,-98.0,0.0,0,-97,0
2769,-99.0,0,0,0.0,-98.0,0.0,0,-97,0
2770,-99.0,0,0,0.0,-98.0,0.0,0,-97,0
2771,-99.0,0,0,0.0,-98.0,0.0,0,-97,0
2772,-99.0,0,0,0.0,-98.0,0.0,0,-97,0
2773,-99.0,0,0,0.0,-98.0,0.0,0,-97,0
2774,-99.0,0,0,0.0,-98.0,0.0,0,-97,0
2775,-99.0,0,0,0.0,-98.0,0.0,0,-97,0
2776,-99.0,0,0,0.0,-98.0,0.0,0,-97,0
2777,-99.0,0,0,0.0,-98.0,0.0,0,-97,0
2778,-99.0,0,0,0.0,-98.0,0.0,0,-97,0
2779,-99.0,0,0,0.0,-98.0,0.0,0,-97,0
2780,-99.0,0,0,0.0,-98.0,0.0,0,-97,0
2781,-99.0,0,0,0.0,-98.0,0.0,0,-97,0
2782,-99.0,0,0,0.0,-98.0,0.0,0,-97,0
2783,-99.0,0,0,0.0,-98.0,0.0,0,-97,0
2784,-99.0,0,0,0.0,-98.0,0.0,0,-97,0
2785,-99.0,0,0,0.0,-98.0,0.0,0,-97,0
2786,-99.0,0,0,0.0,-98.0,0.0,0,-97,0
2787,-99.0,0,0,0.0,-98.0,0.0,0,-97,0
2788,-99.0,0,0,0.0,-98.0,0.0,0,-97,0
2789,-99.0,0,0,0.0,-98.0,0.0,0,-97,0
2790,-99.0,0,0,0.0,-98.0,0.0,0,-97,0
2791,-99.0,0,0,0.0,-98.0,0.0,0,-97,0
2792,-99.0,0,0,0.0,-98.0,0.0,0,-97,0
2793,-99.0,0,0,0.0,-98.0,0.0,0,-97,0
2794,-99.0,0,0,0.0,-98.0,0.0,0,-97,0
2795,-99.0,0,0,0.0,-98.0,0.0,0,-97,0
2796,-99.0,0,0,0.0,-98.0,0.0,0,-97,0
2797,-99.0,0,0,0.0,-98.0,0.0,0,-97,0
2798,-99.0,0,0,0.0,-98.0,0.0,0,-97,0
2799,-99.0,0,0,0.0,-98.0,0.0,0,-97,0
2800,-99.0,0,0,0.0,-98.0,0.0,0,-97,0
2801,-99.0,0,0,0.0,-98.0,0.0,0,-97,0
2802,-99.0,0,0,0.0,-98.0,0.0,0,-97,0
2803,-99.0,0,0,0.0,-98.0,0.0,0,-97,0
2804,-99.0,0,0,0.0,-98.0,0.0,0,-97,0
2805,-99.0,0,0,0.0,-98.0,0.0,0,-97,0
2806,-99.0,0,0,0.0,-98.0,0.0,0,-97,0
2807,-99.0,0,0,0.0,-98.0,0.0,0,-97,0
2808,-99.0,0,0,0.0,-98.0,0.0,0,-97,0
2809,-99.0,0,0,0.0,-98.0,0.0,0,-97,0
2810,-99.0,0,0,0.0,-98.0,0.0,0,-97,0
2811,-99.0,0,0,0.0,-98.0,0.0,0,-97,0
2812,-99.0,0,0,0.0,-98.0,0.0,0,-97,0
2813,-99.0,0,0,0.0,-98.0,0.0,0,-97,0
2814,-99.0,0,0,0.0,-98.0,0.0,0,-97,0
2815,-99.0,0,0,0.0,-98.0,0.0,0,-97,0
2816,-99.0,0,0,0.0,-98.0,0.0,0,-97,0
2817,-99.0,0,0,0.0,-98.0,0.0,0,-97,0
2818,-99.0,0,0,0.0,-98.0,0.0,0,-97,0
2819,-99.0,0,0,0.0,-98.0,0.0,0,-97,0
2820,-99.0,0,0,0.0,-98.0,0.0,0,-97,0
2821,-99.0,0,0,0.0,-98.0,0.0,0,-97,0
2822,-99.0,0,0,0.0,-98.0,0.0,0,-97,0
2823,-99.0,0,0,0.0,-98.0,0.0,0,-97,0
2824,-99.0,0,0,0.0,-98.0,0.0,0,-97,0
2825,-99.0,0,0,0.0,-98.0,0.0,0,-97,0
2826,-99.0,0,0,0.0,-98.0,0.0,0,-97,0
2827,-99.0,0,0,0.0,-98.0,0.0,0,-97,0
2828,-99.0,0,0,0.0,-98.0,0.0,0,-97,0
2829,-99.0,0,0,0.0,-98.0,0.0,0,-97,0
2830,-99.0,0,0,0.0,-98.0,0.0,0,-97,0
2831,-99.0,0,0,0.0,-98.0,0.0,0,-97,0
2832,-99.0,0,0,0.0,-98.0,0.0,0,-97,0
2833,-99.0,0,0,0.0,-98.0,0.0,0,-97,0
2834,-99.0,0,0,0.0,-98.0,0.0,0,-97,0
2835,-99.0,0,0,0.0,-98.0,0.0,0,-97,0
2836,-99.0,0,0,0.0,-98.0,0.0,0,-97,0
2837,-99.0,0,0,0.0,-98.0,0.0,0,-97,0
2838,-99.0,0,0,0.0,-98.0,0.0,0,-97,0
2839,-99.0,0,0,0.0,-98.0,0.0,0,-97,0
2840,-99.0,0,0,0.0,-98.0,0.0,0,-97,0
2841,-99.0,0,0,0.0,-98.0,0.0,0,-97,0
2842,-99.0,0,0,0.0,-98.0,0.0,0,-97,0
2843,-99.0,0,0,0.0,-98.0,0.0,0,-97,0
2844,-99.0,0,0,0.0,-98.0,0.0,0,-97,0
2845,-99.0,0,0,0.0,-98.0,0.0,0,-97,0
2846,-99.0,0,0,0.0,-98.0,0.0,0,-97,0
2847,-99.0,0,0,0.0,-98.0,0.0,0,-97,0
2848,-99.0,0,0,0.0,-98.0,0.0,0,-97,0
2849,-99.0,0,0,0.0,-98.0,0.0,0,-97,0
2850,-99.0,0,0,0.0,-98.0,0.0,0,-97,0
2851,-99.0,0,0,0.0,-98.0,0.0,0,-97,0
2852,-99.0,0,0,0.0,-98.0,0.0,0,-97,0
2853,-99.0,0,0,0.0,-98.0,0.0,0,-97,0
2854,-99.0,0,0,0.0,-98.0,0.0,0,-97,0
2855,-99.0,0,0,0.0,-98.0,0.0,0,-97,0
2856,-99.0,0,0,0.0,-98.0,0.0,0,-97,0
2857,-99.0,0,0,0.0,-98.0,0.0,0,-97,0
2858,-99.0,0,0,0.0,-98.0,0.0,0,-97,0
2859,-99.0,0,0,0.0,-98.0,0.0,0,-97,0
2860,-99.0,0,0,0.0,-98.0,0.0,0,-97,0
2861,-99.0,0,0,0.0,-98.0,0.0,0,-97,0
2862,-99.0,0,0,0.0,-98.0,0.0,0,-97,0
2863,-99.0,0,0,0.0,-98.0,0.0,0,-97,0
2864,-99.0,0,0,0.0,-98.0,0.0,0,-97,0
2865,-99.0,0,0,0.0,-98.0,0.0,0,-97,0
2866,-99.0,0,0,0.0,-98.0,0.0,0,-97,0
2867,-99.0,0,0,0.0,-98.0,0.0,0,-97,0
2868,-99.0,0,0,0.0,-98.0,0.0,0,-97,0
2869,-99.0,0,0,0.0,-98.0,0.0,0,-97,0
2870,-99.0,0,0,0.0,-98.0,0.0,0,-97,0
2871,-99.0,0,0,0.0,-98.0,0.0,0,-97,0
2872,-99.0,0,0,0.0,-98.0,0.0,0,-97,0
2873,-99.0,0,0,0.0,-98.0,0.0,0,-97,0
2874,-99.0,0,0,0.0,-98.0,0.0,0,-97,0
2875,-99.0,0,0,0.0,-98.0,0.0,0,-97,0
2876,-99.0,0,0,0.0,-98.0,0.0,0,-97,0
2877,-99.0,0,0,0.0,-98.0,0.0,0,-97,0
2878,-99.0,0,0,0.0,-98.0,0.0,0,-97,0
2879,-99.0,0,0,0.0,-98.0,0.0,0,-97,0
2880,-99.0,0,0,0.0,-98.0,0.0,0,-97,0
2881,-99.0,0,0,0.0,-98.0,0.0,0,-97,0
2882,-99.0,0,0,0.0,-98.0,0.0,0,-97,0
2883,-99.0,0,0,0.0,-98.0,0.0,0,-97,0
2884,-99.0,0,0,0.0,-98.0,0.0,0,-97,0
2885,-99.0,0,0,0.0,-98.0,0.0,0,-97,0
2886,-99.0,0,0,0.0,-98.0,0.0,0,-97,0
2887,-99.0,0,0,0.0,-98.0,0.0,0,-97,0
2888,-99.0,0,0,0.0,-98.0,0.0,0,-97,0
2889,-99.0,0,0,0.0,-98.0,0.0,0,-97,0
2890,-99.0,0,0,0.0,-98.0,0.0,0,-97,0
2891,-99.0,0,0,0.0,-98.0,0.0,0,-97,0
2892,-99.0,0,0,0.0,-98.0,0.0,0,-97,0
2893,-99.0,0,0,0.0,-98.0,0.0,0,-97,0
2894,-99.0,0,0,0.0,-98.0,0.0,0,-97,0
2895,-99.0,0,0,0.0,-98.0,0.0,0,-97,0
2896,-99.0,0,0,0.0,-98.0,0.0,0,-97,0
2897,-99.0,0,0,0.0,-98.0,0.0,0,-97,0
2898,-99.0,0,0,0.0,-98.0,0.0,0,-97,0
2899,-99.0,0,0,0.0,-98.0,0.0,0,-97,0
2900,-99.0,0,0,0.0,-98.0,0.0,0,-97,0
2901,-99.0,0,0,0.0,-98.0,0.0,0,-97,0
2902,-99.0,0,0,0.0,-98.0,0.0,0,-97,0
2903,-99.0,0,0,0.0,-98.0,0.0,0,-97,0
2904,-99.0,0,0,0.0,-98.0,0.0,0,-97,0
2905,-99.0,0,0,0.0,-98.0,0.0,0,-97,0
2906,-99.0,0,0,0.0,-98.0,0.0,0,-97,0
2907,-99.0,0,0,0.0,-98.0,0.0,0,-97,0
2908,-99.0,0,0,0.0,-98.0,0.0,0,-97,0
2909,-99.0,0,0,0.0,-98.0,0.0,0,-97,0
2910,-99.0,0,0,0.0,-98.0,0.0,0,-97,0
2911,-99.0,0,0,0.0,-98.0,0.0,0,-97,0
2912,-99.0,0,0,0.0,-98.0,0.0,0,-97,0
2913,-99.0,0,0,0.0,-98.0,0.0,0,-97,0
2914,-99.0,0,0,0.0,-98.0,0.0,0,-97,0
2915,-99.0,0,0,0.0,-98.0,0.0,0,-97,0
2916,-99.0,0,0,0.0,-98.0,0.0,0,-97,0
2917,-99.0,0,0,0.0,-98.0,0.0,0,-97,0
2918,-99.0,0,0,0.0,-98.0,0.0,0,-97,0
2919,-99.0,0,0,0.0,-98.0,0.0,0,-97,0
2920,-99.0,0,0,0.0,-98.0,0.0,0,-97,0
2921,-99.0,0,0,0.0,-98.0,0.0,0,-97,0
2922,-99.0,0,0,0.0,-98.0,0.0,0,-97,0
2923,-99.0,0,0,0.0,-98.0,0.0,0,-97,0
